0 0.377641 0.002790 0.063380 0.005580
1 0.332746 0.016183 0.036092 0.032366
0 0.290493 0.030134 0.084507 0.011161
1 0.970070 0.030692 0.040493 0.025670
1 0.234155 0.030134 0.036972 0.029576
1 0.751761 0.051339 0.035211 0.022321
1 0.045775 0.101562 0.037852 0.032366
1 0.329225 0.137835 0.039613 0.025670
0 0.644366 0.170201 0.065141 0.012277
1 0.597711 0.170201 0.036972 0.029018
1 0.470070 0.192522 0.031690 0.021205
1 0.906690 0.217076 0.038732 0.033482
1 0.211268 0.311384 0.029930 0.021205
1 0.688380 0.324219 0.037852 0.032366
1 0.776408 0.364397 0.040493 0.026786
1 0.932218 0.389509 0.042254 0.024554
1 0.859155 0.420759 0.037852 0.032366
1 0.474472 0.485491 0.036972 0.030692
0 0.975352 0.508371 0.049296 0.012277
1 0.940141 0.507812 0.029930 0.020647
0 0.683099 0.560826 0.033451 0.011161
1 0.655810 0.560268 0.029930 0.020647
0 0.088908 0.606027 0.061620 0.013393
1 0.042254 0.606027 0.041373 0.034040
1 0.698944 0.617188 0.029049 0.020089
0 0.806338 0.660714 0.063380 0.014509
1 0.899648 0.657366 0.040493 0.025670
0 0.608275 0.665179 0.063380 0.011161
1 0.514965 0.664621 0.035211 0.022321
1 0.565141 0.665179 0.031690 0.022879
1 0.760563 0.660714 0.037852 0.032366
1 0.306338 0.679688 0.029930 0.020647
1 0.859155 0.677455 0.040493 0.025112
0 0.985035 0.689174 0.029930 0.012277
1 0.955986 0.689732 0.037852 0.032924
1 0.350352 0.713170 0.030810 0.020647
1 0.651408 0.729353 0.040493 0.025670
1 0.669894 0.765625 0.036972 0.023438
0 0.112676 0.775112 0.087148 0.010045
1 0.051937 0.775112 0.040493 0.025670
1 0.210387 0.786830 0.029930 0.020647
0 0.086268 0.820312 0.033451 0.009487
1 0.052817 0.820871 0.042254 0.026786
0 0.831866 0.830357 0.093310 0.012277
1 0.771127 0.830357 0.036092 0.032366
1 0.355634 0.849330 0.032570 0.021763
