0 0.258803 0.060826 0.058979 0.010045
1 0.214789 0.060826 0.036972 0.030134
0 0.137324 0.078125 0.029930 0.012277
0 0.867958 0.089844 0.065141 0.012277
1 0.757042 0.113839 0.031690 0.021763
1 0.020246 0.373326 0.040493 0.025670
1 0.720070 0.375558 0.035211 0.022321
1 0.152289 0.568080 0.031690 0.022879
1 0.097711 0.659598 0.036972 0.029018
1 0.079225 0.713728 0.039613 0.025670
1 0.015845 0.768973 0.030810 0.020647
1 0.353873 0.790737 0.028169 0.020089
1 0.230634 0.791295 0.044014 0.034598
0 0.180458 0.803013 0.093310 0.013393
1 0.123239 0.803013 0.030810 0.020089
0 0.457746 0.837054 0.091549 0.012277
1 0.915493 0.830915 0.036092 0.032366
1 0.396127 0.837054 0.039613 0.025670
0 0.055458 0.849330 0.088028 0.012835
1 0.014965 0.848772 0.029930 0.021205
0 0.551937 0.870536 0.091549 0.012277
0 0.773768 0.871652 0.065141 0.013393
1 0.242958 0.864397 0.037852 0.029018
1 0.730634 0.871652 0.029930 0.020647
1 0.489437 0.870536 0.041373 0.034040
0 0.589789 0.893415 0.036092 0.010045
1 0.559859 0.893415 0.032570 0.021205
