0 0.698944 0.041295 0.033451 0.010045
1 0.667253 0.041295 0.038732 0.025112
0 0.323944 0.086496 0.061620 0.012277
1 0.278169 0.086496 0.039613 0.033482
0 0.148768 0.102121 0.061620 0.013393
1 0.103873 0.102121 0.036092 0.032366
1 0.942782 0.126116 0.031690 0.022879
1 0.246479 0.165179 0.034331 0.031808
1 0.102113 0.218750 0.039613 0.025670
0 0.545775 0.270647 0.061620 0.013393
1 0.501761 0.270647 0.035211 0.022321
1 0.031690 0.310268 0.039613 0.025112
1 0.301937 0.338728 0.040493 0.025670
0 0.985915 0.390067 0.028169 0.011161
1 0.489437 0.426897 0.044014 0.034598
1 0.573944 0.444196 0.036972 0.030692
1 0.015845 0.485491 0.031690 0.022321
1 0.470951 0.513393 0.031690 0.022321
1 0.749120 0.614955 0.036972 0.030134
0 0.484155 0.642857 0.061620 0.013393
1 0.439261 0.642857 0.036972 0.029576
1 0.411972 0.675781 0.037852 0.029018
0 0.963028 0.694196 0.073944 0.012835
1 0.411972 0.741071 0.034331 0.031808
1 0.840669 0.750000 0.029930 0.020647
1 0.785211 0.801339 0.031690 0.022879
1 0.966549 0.802455 0.037852 0.032924
1 0.969190 0.810268 0.029930 0.020647
1 0.584507 0.839286 0.039613 0.025112
0 0.722711 0.850446 0.089789 0.012277
1 0.667253 0.850446 0.029930 0.021205
1 0.413732 0.851004 0.031690 0.022321
1 0.734155 0.866071 0.038732 0.033482
1 0.240317 0.870536 0.036972 0.030134
1 0.348592 0.880580 0.030810 0.020647
