1 0.681338 0.119978 0.036972 0.029018
0 0.639965 0.166295 0.058099 0.010603
1 0.599472 0.166295 0.031690 0.021763
0 0.528169 0.180246 0.033451 0.011161
1 0.495599 0.180804 0.040493 0.025112
1 0.255282 0.187500 0.028169 0.020647
0 0.470070 0.192522 0.089789 0.012277
1 0.413732 0.193080 0.032570 0.021763
1 0.203345 0.234375 0.031690 0.021763
0 0.073944 0.241071 0.058099 0.010045
1 0.529930 0.234375 0.039613 0.025112
1 0.028169 0.241071 0.042254 0.026786
0 0.656690 0.271763 0.088028 0.011161
0 0.440141 0.273438 0.033451 0.008929
1 0.602113 0.271763 0.030810 0.020089
1 0.405810 0.273438 0.044014 0.034598
0 0.858275 0.294643 0.033451 0.011161
1 0.830986 0.294643 0.030810 0.020647
1 0.538732 0.321987 0.029930 0.021205
0 0.971831 0.334821 0.056338 0.013393
1 0.933979 0.334821 0.028169 0.022321
0 0.970070 0.354911 0.059859 0.012277
1 0.929577 0.354911 0.029930 0.020647
1 0.135563 0.397321 0.032570 0.021763
1 0.191021 0.392299 0.044014 0.034598
0 0.203345 0.457031 0.033451 0.012277
1 0.170775 0.456473 0.041373 0.025112
0 0.590669 0.484375 0.033451 0.012277
1 0.560739 0.484375 0.035211 0.032924
1 0.378521 0.508371 0.026408 0.021205
1 0.744718 0.553013 0.030810 0.021205
0 0.162852 0.593750 0.058099 0.010603
1 0.118838 0.593750 0.038732 0.025112
1 0.589789 0.597098 0.030810 0.020647
1 0.471831 0.604353 0.030810 0.020089
1 0.257923 0.615513 0.026408 0.021205
1 0.245599 0.646205 0.038732 0.033482
0 0.058099 0.661830 0.059859 0.010045
1 0.019366 0.661830 0.026408 0.021205
0 0.506162 0.669085 0.088028 0.011161
1 0.087148 0.665179 0.042254 0.024554
0 0.402289 0.672991 0.086268 0.010603
1 0.450704 0.668527 0.031690 0.021763
1 0.345070 0.672991 0.036972 0.032366
0 0.428697 0.738839 0.061620 0.013393
1 0.383803 0.738839 0.037852 0.032924
0 0.667253 0.758929 0.063380 0.013393
1 0.619718 0.758929 0.040493 0.025670
1 0.338908 0.765067 0.038732 0.026786
0 0.269366 0.789621 0.063380 0.013393
1 0.220951 0.789621 0.042254 0.026786
0 0.064261 0.801339 0.065141 0.014509
1 0.020246 0.801339 0.040493 0.025670
