1 0.361796 0.016183 0.028169 0.022321
0 0.287852 0.127232 0.059859 0.010603
1 0.245599 0.127790 0.033451 0.022321
1 0.911972 0.149554 0.031690 0.021205
0 0.160211 0.169643 0.033451 0.009487
1 0.133803 0.169643 0.030810 0.020089
1 0.176937 0.340402 0.042254 0.024554
0 0.395246 0.406250 0.093310 0.012277
1 0.334507 0.406250 0.037852 0.032924
1 0.352113 0.481585 0.038732 0.033482
0 0.104754 0.643973 0.061620 0.013393
1 0.059859 0.643973 0.036972 0.029018
0 0.830986 0.736607 0.063380 0.013393
0 0.222711 0.770089 0.061620 0.013393
1 0.176056 0.770089 0.041373 0.025670
1 0.492958 0.766183 0.044014 0.034598
1 0.360915 0.769531 0.036972 0.029018
1 0.464789 0.772321 0.041373 0.025112
1 0.653169 0.799107 0.032570 0.021763
1 0.144366 0.824777 0.034331 0.031808
1 0.721831 0.830357 0.041373 0.025112
1 0.959507 0.841518 0.030810 0.020647
1 0.579225 0.875000 0.036972 0.029576
1 0.313380 0.879464 0.032570 0.021205
