0 0.776408 0.102679 0.086268 0.010603
1 0.722711 0.102679 0.029930 0.021205
1 0.970070 0.115513 0.040493 0.025670
1 0.406690 0.160156 0.031690 0.022321
1 0.436620 0.203125 0.040493 0.025112
0 0.898768 0.211496 0.096831 0.014509
0 0.595070 0.213728 0.065141 0.012277
1 0.546655 0.213728 0.040493 0.025670
1 0.836268 0.211496 0.037852 0.032366
0 0.130282 0.222656 0.093310 0.013393
0 0.350352 0.226004 0.063380 0.012277
1 0.069542 0.222656 0.036972 0.023438
1 0.308099 0.226562 0.030810 0.020647
1 0.169894 0.230469 0.036972 0.030134
1 0.517606 0.267857 0.028169 0.020089
1 0.807218 0.267857 0.033451 0.022321
1 0.205986 0.281250 0.031690 0.021205
1 0.255282 0.296317 0.031690 0.021205
0 0.761444 0.306920 0.029930 0.012277
1 0.360035 0.314732 0.036972 0.029576
1 0.044014 0.323661 0.030810 0.020647
0 0.426056 0.380580 0.033451 0.012277
1 0.685739 0.379464 0.029930 0.020647
1 0.392606 0.380580 0.041373 0.025112
1 0.818662 0.382254 0.037852 0.032366
0 0.144366 0.404576 0.063380 0.011161
1 0.102113 0.405134 0.029930 0.020647
0 0.632042 0.411830 0.089789 0.012277
1 0.577465 0.411830 0.028169 0.020089
1 0.199824 0.414062 0.035211 0.032924
0 0.292254 0.443080 0.091549 0.013393
1 0.537852 0.437500 0.036972 0.029576
1 0.235915 0.443080 0.029930 0.021205
1 0.047535 0.462054 0.032570 0.021763
0 0.600352 0.469866 0.059859 0.011161
1 0.560739 0.469866 0.028169 0.022321
1 0.849472 0.477679 0.031690 0.021763
0 0.969190 0.497210 0.035211 0.012277
1 0.940141 0.497768 0.032570 0.020647
1 0.196303 0.510045 0.040493 0.025112
1 0.418134 0.511161 0.040493 0.026786
0 0.718310 0.536830 0.085387 0.010603
1 0.660211 0.536830 0.038732 0.025112
1 0.098592 0.545201 0.042254 0.026786
1 0.301937 0.546875 0.036972 0.029576
1 0.288732 0.563058 0.029930 0.021205
0 0.893486 0.575893 0.088028 0.012277
1 0.835387 0.575893 0.036972 0.029018
1 0.848592 0.628348 0.028169 0.020089
0 0.861796 0.664621 0.065141 0.013393
0 0.045775 0.670759 0.085387 0.009487
1 0.815141 0.664062 0.036972 0.029576
1 0.019366 0.670759 0.038732 0.025112
1 0.371479 0.693638 0.038732 0.033482
1 0.576585 0.704241 0.028169 0.020647
1 0.919014 0.727121 0.028169 0.022321
1 0.640845 0.731027 0.036972 0.029576
1 0.508803 0.768973 0.044014 0.034598
