1 0.632042 0.031250 0.034331 0.031808
0 0.871479 0.041853 0.035211 0.012277
1 0.843310 0.041853 0.030810 0.021205
1 0.101232 0.058036 0.035211 0.022321
0 0.452465 0.077567 0.066021 0.013393
1 0.949824 0.074219 0.042254 0.024554
1 0.408451 0.077567 0.030810 0.020089
0 0.358275 0.098214 0.059859 0.009487
1 0.313380 0.098214 0.039613 0.025112
1 0.963028 0.143415 0.032570 0.022321
0 0.551056 0.164621 0.063380 0.013393
1 0.508803 0.165179 0.029930 0.020647
0 0.727993 0.170759 0.088028 0.011161
1 0.674296 0.170759 0.030810 0.020089
1 0.874120 0.184710 0.042254 0.026786
1 0.054577 0.217076 0.029930 0.021205
1 0.596831 0.235491 0.036972 0.029018
0 0.764085 0.247210 0.084507 0.011161
0 0.246479 0.252232 0.034331 0.008929
1 0.710387 0.247768 0.031690 0.021763
1 0.212148 0.252232 0.040493 0.025670
1 0.503521 0.294643 0.037852 0.029018
1 0.781690 0.297433 0.038732 0.033482
1 0.596831 0.316964 0.034331 0.031808
1 0.156690 0.351004 0.032570 0.021205
0 0.885563 0.367188 0.085387 0.009487
1 0.830106 0.367188 0.033451 0.022321
0 0.274648 0.378906 0.061620 0.012277
1 0.382042 0.376674 0.030810 0.020089
1 0.227993 0.378906 0.040493 0.025670
1 0.554577 0.388951 0.036092 0.032366
1 0.227993 0.398438 0.038732 0.025112
0 0.799296 0.450893 0.033451 0.008929
1 0.770247 0.450893 0.031690 0.022321
1 0.305458 0.474330 0.036972 0.029576
1 0.911972 0.503348 0.032570 0.020647
1 0.246479 0.505022 0.040493 0.026786
0 0.648768 0.517299 0.061620 0.014509
1 0.603873 0.517299 0.037852 0.032366
0 0.507923 0.539062 0.088028 0.011161
1 0.450704 0.539062 0.033451 0.022321
0 0.748239 0.561942 0.065141 0.012277
1 0.701585 0.562500 0.036972 0.030692
1 0.955986 0.577009 0.041373 0.034040
1 0.573944 0.581473 0.037852 0.032924
1 0.734155 0.595424 0.035211 0.022321
1 0.633803 0.602121 0.039613 0.033482
1 0.389085 0.614397 0.037852 0.029018
1 0.850352 0.621652 0.036972 0.029576
0 0.514085 0.638393 0.063380 0.012277
1 0.468310 0.638393 0.036972 0.029576
1 0.806338 0.643973 0.031690 0.022321
1 0.420775 0.642857 0.037852 0.032924
1 0.309859 0.647321 0.037852 0.032924
0 0.933099 0.727679 0.066021 0.013393
1 0.522887 0.720982 0.036972 0.029576
1 0.285211 0.759487 0.038732 0.026786
0 0.700704 0.796317 0.061620 0.012277
1 0.659331 0.796875 0.029930 0.020647
1 0.761444 0.797433 0.042254 0.026786
0 0.159331 0.835938 0.061620 0.012277
1 0.897007 0.833705 0.029930 0.020647
1 0.112676 0.835938 0.041373 0.025670
0 0.865317 0.882812 0.065141 0.013393
1 0.822183 0.882812 0.029930 0.021205
