1 0.317782 0.011161 0.031690 0.022321
1 0.154049 0.016183 0.036972 0.032366
0 0.929577 0.035714 0.061620 0.013393
1 0.884683 0.035714 0.036972 0.032366
1 0.617958 0.069196 0.040493 0.026786
0 0.233275 0.189732 0.061620 0.013393
1 0.191021 0.189732 0.031690 0.021205
1 0.360915 0.193638 0.038732 0.033482
1 0.471831 0.226562 0.030810 0.020647
0 0.711268 0.232701 0.058099 0.010045
1 0.019366 0.222098 0.037852 0.032924
1 0.670775 0.232701 0.030810 0.021205
0 0.475352 0.296317 0.065141 0.013393
1 0.119718 0.294643 0.029049 0.020089
0 0.957747 0.300223 0.060739 0.009487
1 0.433099 0.296317 0.028169 0.020089
1 0.301937 0.296875 0.038732 0.026786
1 0.917253 0.300223 0.030810 0.020647
1 0.845070 0.324777 0.032570 0.021763
0 0.447183 0.361607 0.063380 0.013393
1 0.644366 0.358259 0.039613 0.025112
1 0.404930 0.361607 0.029049 0.020089
0 0.375880 0.373884 0.059859 0.010603
1 0.336268 0.374442 0.028169 0.022321
0 0.333627 0.404576 0.063380 0.013393
1 0.290493 0.405134 0.031690 0.021763
0 0.263204 0.417969 0.065141 0.012277
1 0.207746 0.444196 0.031690 0.021205
1 0.302817 0.452567 0.029049 0.020089
1 0.806338 0.485491 0.030810 0.020089
1 0.252641 0.511161 0.029930 0.020647
1 0.373239 0.514509 0.036972 0.032366
0 0.133803 0.558036 0.089789 0.014509
1 0.078345 0.558036 0.029930 0.020647
1 0.485915 0.558036 0.032570 0.021205
1 0.390845 0.590402 0.030810 0.020647
1 0.628521 0.590960 0.036972 0.023438
1 0.250880 0.603795 0.031690 0.021205
1 0.512324 0.607143 0.041373 0.034040
1 0.911972 0.657366 0.040493 0.032366
1 0.784331 0.671875 0.029930 0.020647
0 0.335387 0.680804 0.059859 0.010603
1 0.290493 0.681362 0.038732 0.033482
1 0.807218 0.782366 0.036972 0.029576
0 0.716549 0.815848 0.065141 0.013393
1 0.666373 0.815848 0.044014 0.034598
1 0.066021 0.832031 0.029930 0.021205
