0 0.278169 0.018415 0.065141 0.012277
1 0.228873 0.018973 0.041373 0.034040
1 0.945423 0.044643 0.037852 0.029018
0 0.051937 0.065290 0.063380 0.013393
1 0.018486 0.065290 0.036972 0.023438
1 0.635563 0.081473 0.040493 0.025670
1 0.883803 0.097656 0.031690 0.021205
1 0.788732 0.118304 0.031690 0.021763
0 0.447183 0.131138 0.093310 0.012277
1 0.385563 0.131138 0.039613 0.025670
0 0.484155 0.188058 0.033451 0.012277
1 0.455986 0.188058 0.030810 0.021205
0 0.881162 0.239955 0.059859 0.011161
1 0.836268 0.239955 0.038732 0.033482
1 0.150528 0.285156 0.031690 0.021205
1 0.275528 0.292411 0.031690 0.022879
1 0.737676 0.291295 0.037852 0.029018
1 0.642606 0.349330 0.029930 0.020647
0 0.439261 0.409040 0.088028 0.012277
1 0.380282 0.409040 0.038732 0.026786
0 0.170775 0.429688 0.085387 0.010603
1 0.114437 0.429129 0.034331 0.030134
1 0.348592 0.454799 0.028169 0.020089
1 0.207746 0.630580 0.041373 0.025112
1 0.455106 0.674665 0.028169 0.022321
1 0.051937 0.691406 0.042254 0.024554
0 0.530810 0.744420 0.088028 0.011161
1 0.469190 0.744420 0.044014 0.034598
1 0.544014 0.752232 0.029930 0.020647
1 0.026408 0.772879 0.042254 0.024554
0 0.156690 0.810268 0.059859 0.010045
1 0.110915 0.810268 0.040493 0.025670
1 0.625000 0.834821 0.038732 0.026786
1 0.910211 0.859375 0.039613 0.033482
1 0.678697 0.872768 0.031690 0.022879
