1 0.972711 0.061384 0.040493 0.025670
0 0.092430 0.075893 0.035211 0.012277
1 0.060739 0.075893 0.036972 0.030692
1 0.677817 0.092634 0.031690 0.022879
0 0.262324 0.099888 0.034331 0.008929
1 0.234155 0.099888 0.029930 0.021205
1 0.108275 0.125558 0.040493 0.032366
0 0.921655 0.227121 0.061620 0.013393
1 0.487676 0.315848 0.038732 0.025112
1 0.533451 0.348214 0.029930 0.021205
0 0.068662 0.364397 0.065141 0.012277
1 0.024648 0.364955 0.031690 0.022879
1 0.639085 0.375000 0.036972 0.029576
1 0.364437 0.389509 0.029049 0.020089
0 0.975352 0.419085 0.049296 0.010045
1 0.939261 0.418527 0.031690 0.021763
0 0.981514 0.520647 0.036972 0.013393
1 0.950704 0.520647 0.032570 0.021205
0 0.080106 0.565848 0.033451 0.011161
1 0.049296 0.565848 0.036092 0.032366
1 0.083627 0.712054 0.044014 0.034598
1 0.022887 0.812500 0.042254 0.024554
1 0.439261 0.837612 0.040493 0.026786
0 0.677817 0.866071 0.034331 0.009487
1 0.642606 0.866071 0.041373 0.034040
1 0.556338 0.873884 0.042254 0.024554
1 0.631162 0.893973 0.031690 0.022879
