1 0.510563 0.137277 0.091549 0.012277 
1 0.455106 0.137277 0.028169 0.020089 
1 0.429577 0.165179 0.028169 0.020089 
1 0.090669 0.191406 0.033451 0.012277 
1 0.061620 0.191406 0.033451 0.022321 
1 0.620599 0.251674 0.040493 0.026786 
1 0.142606 0.255580 0.028169 0.020089 
1 0.788732 0.269531 0.044014 0.034598 
1 0.470070 0.390067 0.035211 0.012277 
1 0.438380 0.390067 0.036972 0.029018 
1 0.212148 0.430804 0.033451 0.022321 
1 0.976232 0.462054 0.044014 0.034598 
0 0.262324 0.485491 0.031690 0.022321 
1 0.744718 0.515067 0.063380 0.013393 
1 0.695423 0.515067 0.044014 0.034598 
1 0.034331 0.546875 0.038732 0.026786 
1 0.555458 0.559152 0.061620 0.013393 
0 0.873239 0.559710 0.063380 0.013393 
1 0.508803 0.559152 0.040493 0.026786 
0 0.823944 0.559710 0.042254 0.026786 
1 0.469190 0.583705 0.035211 0.022321 
1 0.220951 0.589844 0.061620 0.013393 
1 0.176056 0.589844 0.036972 0.029018 
1 0.676937 0.640067 0.033451 0.012277 
1 0.647887 0.640067 0.033451 0.022321 
1 0.519366 0.635045 0.044014 0.034598 
1 0.646127 0.668527 0.042254 0.026786 
1 0.378521 0.739397 0.063380 0.011161 
1 0.333627 0.739397 0.035211 0.022321 
1 0.591549 0.860491 0.063380 0.013393 
1 0.543134 0.860491 0.042254 0.026786 
