1 0.774648 0.082031 0.061620 0.014509 
1 0.727113 0.082031 0.042254 0.026786 
1 0.965669 0.091518 0.035211 0.012277 
1 0.938380 0.091518 0.028169 0.020089 
1 0.661972 0.122768 0.095070 0.012277 
1 0.603873 0.122768 0.029930 0.021205 
1 0.678697 0.224888 0.063380 0.013393 
1 0.538732 0.223772 0.040493 0.026786 
1 0.262324 0.315848 0.063380 0.013393 
1 0.336268 0.311942 0.035211 0.022321 
1 0.218310 0.315848 0.033451 0.022321 
1 0.798415 0.328125 0.026408 0.021205 
1 0.845951 0.344866 0.029930 0.021205 
1 0.546655 0.477121 0.065141 0.012277 
1 0.498239 0.477121 0.040493 0.026786 
1 0.975352 0.553013 0.049296 0.013393 
1 0.936620 0.553013 0.036972 0.023438 
1 0.154930 0.570312 0.061620 0.013393 
1 0.110035 0.570312 0.036972 0.023438 
1 0.859155 0.656250 0.031690 0.022321 
