0 0.101232 0.079799 0.031690 0.022321 
1 0.766725 0.086496 0.061620 0.014509 
1 0.721831 0.086496 0.036972 0.029018 
1 0.808099 0.272321 0.035211 0.022321 
1 0.279930 0.345982 0.033451 0.011161 
1 0.249120 0.345982 0.036972 0.029018 
1 0.823063 0.382812 0.091549 0.012277 
1 0.767606 0.382812 0.028169 0.022321 
1 0.370599 0.503906 0.033451 0.022321 
0 0.698063 0.563058 0.059859 0.012277 
0 0.652289 0.563058 0.040493 0.025670 
1 0.198063 0.585938 0.036972 0.023438 
0 0.350352 0.792969 0.040493 0.025670 
1 0.704225 0.799665 0.044014 0.034598 
1 0.304577 0.840402 0.035211 0.012277 
1 0.276408 0.840402 0.029930 0.021205 
