0 0.733275 0.273438 0.033451 0.011161 
1 0.426056 0.267857 0.036972 0.032366 
1 0.700704 0.273438 0.040493 0.025670 
1 0.901408 0.321429 0.029930 0.020647 
1 0.591549 0.341518 0.039613 0.025112 
1 0.159331 0.423549 0.040493 0.025670 
1 0.859155 0.437500 0.036092 0.032366 
0 0.178697 0.526228 0.089789 0.012277 
1 0.117077 0.526228 0.042254 0.026786 
0 0.391725 0.592076 0.065141 0.012277 
1 0.348592 0.591518 0.029930 0.020647 
0 0.287852 0.619420 0.061620 0.013393 
1 0.241197 0.619420 0.039613 0.033482 
1 0.456866 0.631138 0.042254 0.026786 
0 0.441901 0.697545 0.063380 0.013393 
1 0.395246 0.697545 0.038732 0.026786 
