1 0.162852 0.073103 0.028169 0.020089 
1 0.463028 0.162388 0.033451 0.022321 
1 0.685739 0.188058 0.044014 0.034598 
1 0.438380 0.223772 0.042254 0.026786 
1 0.214789 0.244978 0.028169 0.022321 
1 0.343310 0.268415 0.063380 0.013393 
1 0.295775 0.268415 0.040493 0.026786 
1 0.229754 0.281250 0.093310 0.013393 
1 0.173415 0.281250 0.028169 0.022321 
1 0.597711 0.319754 0.063380 0.011161 
1 0.557218 0.319754 0.026408 0.021205 
1 0.529930 0.350446 0.044014 0.034598 
1 0.078345 0.380580 0.033451 0.012277 
1 0.048415 0.380580 0.035211 0.022321 
1 0.882923 0.505022 0.061620 0.012277 
1 0.838028 0.505022 0.036972 0.023438 
1 0.681338 0.510045 0.036972 0.023438 
1 0.308979 0.510045 0.042254 0.026786 
1 0.251761 0.547433 0.033451 0.012277 
1 0.428697 0.555246 0.038732 0.026786 
1 0.199824 0.584263 0.042254 0.026786 
1 0.485915 0.610491 0.065141 0.013393 
1 0.523768 0.604911 0.038732 0.026786 
1 0.444542 0.610491 0.026408 0.021205 
0 0.384683 0.641741 0.028169 0.022321 
1 0.264085 0.649554 0.035211 0.022321 
1 0.659331 0.666295 0.066901 0.013393 
1 0.614437 0.666295 0.031690 0.022321 
