1 0.755282 0.047433 0.063380 0.011161 
1 0.713908 0.047433 0.028169 0.020089 
1 0.522007 0.127232 0.031690 0.022321 
1 0.380282 0.133371 0.029930 0.021205 
1 0.656690 0.220982 0.044014 0.034598 
1 0.463908 0.233817 0.028169 0.022321 
1 0.852113 0.290179 0.038732 0.026786 
1 0.396127 0.320871 0.065141 0.013393 
1 0.347711 0.320871 0.040493 0.026786 
1 0.814261 0.359375 0.063380 0.011161 
1 0.772887 0.359375 0.028169 0.020089 
1 0.634683 0.376116 0.033451 0.012277 
1 0.607394 0.376116 0.029930 0.021205 
1 0.780810 0.399554 0.063380 0.013393 
1 0.734155 0.399554 0.038732 0.026786 
1 0.870599 0.457031 0.029930 0.021205 
1 0.757042 0.469308 0.063380 0.013393 
1 0.711268 0.469308 0.036972 0.029018 
1 0.583627 0.568638 0.033451 0.022321 
1 0.473592 0.603795 0.036972 0.023438 
1 0.874120 0.638393 0.061620 0.014509 
1 0.827465 0.638393 0.040493 0.026786 
1 0.542253 0.782924 0.040493 0.026786 
1 0.216549 0.795201 0.036972 0.023438 
