0 0.338028 0.158482 0.059859 0.011161 
0 0.298415 0.158482 0.028169 0.022321 
1 0.263204 0.215402 0.031690 0.022321 
1 0.101232 0.229911 0.059859 0.011161 
1 0.057218 0.229911 0.036972 0.029018 
1 0.757042 0.249442 0.033451 0.012277 
1 0.582747 0.251116 0.036972 0.023438 
1 0.726232 0.249442 0.036972 0.029018 
1 0.265845 0.261719 0.028169 0.022321 
1 0.161092 0.267299 0.061620 0.014509 
1 0.120599 0.267299 0.028169 0.020089 
1 0.063380 0.293527 0.096831 0.014509 
1 0.021127 0.293527 0.042254 0.026786 
1 0.096831 0.356027 0.035211 0.022321 
1 0.790493 0.433036 0.031690 0.022321 
1 0.964789 0.487723 0.033451 0.022321 
1 0.588908 0.510603 0.038732 0.026786 
0 0.653169 0.517299 0.031690 0.022321 
1 0.382042 0.554688 0.035211 0.013393 
1 0.350352 0.554688 0.036972 0.023438 
1 0.796655 0.580357 0.040493 0.026786 
1 0.746479 0.585938 0.042254 0.026786 
1 0.580986 0.603795 0.036972 0.023438 
1 0.223592 0.621094 0.035211 0.012277 
1 0.192782 0.621094 0.033451 0.022321 
1 0.905810 0.621094 0.038732 0.026786 
1 0.669014 0.638393 0.061620 0.014509 
1 0.625880 0.638393 0.033451 0.022321 
1 0.095951 0.661830 0.035211 0.012277 
1 0.065141 0.661830 0.035211 0.022321 
1 0.533451 0.724330 0.042254 0.026786 
1 0.450704 0.742746 0.091549 0.012277 
1 0.393486 0.742746 0.031690 0.022321 
1 0.299296 0.766741 0.028169 0.022321 
1 0.302817 0.809152 0.044014 0.034598 
