1 0.163732 0.220982 0.063380 0.013393 
1 0.117958 0.220982 0.036972 0.029018 
0 0.917253 0.353237 0.035211 0.023438 
1 0.952465 0.372768 0.044014 0.034598 
1 0.750880 0.384487 0.026408 0.021205 
1 0.589789 0.482701 0.063380 0.011161 
1 0.544894 0.482701 0.035211 0.022321 
1 0.768486 0.508929 0.091549 0.012277 
1 0.571303 0.515067 0.028169 0.020089 
1 0.705106 0.508929 0.044014 0.034598 
1 0.375000 0.577009 0.063380 0.013393 
1 0.329225 0.577009 0.036972 0.029018 
1 0.744718 0.609375 0.035211 0.022321 
0 0.418134 0.608259 0.040493 0.025670 
1 0.593310 0.655134 0.029930 0.021205 
1 0.536092 0.662946 0.061620 0.014509 
1 0.491197 0.662946 0.036972 0.029018 
1 0.273768 0.670759 0.063380 0.013393 
1 0.230634 0.670759 0.031690 0.022321 
1 0.721831 0.726562 0.065141 0.013393 
1 0.680458 0.726562 0.026408 0.021205 
1 0.367958 0.818638 0.033451 0.011161 
1 0.338908 0.818638 0.033451 0.022321 
