1 0.101232 0.130022 0.063380 0.013393 
1 0.588028 0.125000 0.040493 0.026786 
1 0.053697 0.130022 0.040493 0.026786 
0 0.121479 0.232701 0.063380 0.012277 
0 0.073944 0.232701 0.040493 0.025670 
1 0.586268 0.260603 0.033451 0.012277 
1 0.554577 0.260603 0.036972 0.023438 
1 0.488556 0.279576 0.065141 0.013393 
1 0.441901 0.279576 0.036972 0.029018 
1 0.644366 0.324219 0.044014 0.034598 
1 0.540493 0.330357 0.036972 0.029018 
1 0.254401 0.337054 0.036972 0.023438 
1 0.749120 0.382254 0.063380 0.014509 
1 0.705106 0.382254 0.033451 0.022321 
0 0.792253 0.428013 0.026408 0.021205 
1 0.882042 0.436942 0.059859 0.011161 
1 0.843310 0.436942 0.026408 0.021205 
1 0.738556 0.512835 0.033451 0.022321 
1 0.093310 0.568638 0.065141 0.013393 
1 0.051937 0.568638 0.026408 0.021205 
1 0.411092 0.588728 0.033451 0.022321 
1 0.794014 0.587612 0.040493 0.026786 
1 0.357394 0.616629 0.033451 0.012277 
1 0.323944 0.616629 0.042254 0.026786 
1 0.891725 0.625000 0.093310 0.013393 
1 0.831866 0.625000 0.035211 0.022321 
1 0.381162 0.727121 0.089789 0.014509 
1 0.319542 0.727121 0.042254 0.026786 
1 0.692782 0.734375 0.040493 0.026786 
1 0.425176 0.741629 0.063380 0.014509 
1 0.378521 0.741629 0.038732 0.026786 
