0 0.130282 0.023438 0.093310 0.012277 
1 0.067782 0.023438 0.040493 0.026786 
1 0.250000 0.063616 0.036972 0.029576 
1 0.199824 0.254464 0.028169 0.020647 
0 0.825704 0.272321 0.031690 0.009487 
1 0.799296 0.272321 0.030810 0.020647 
0 0.597711 0.285714 0.063380 0.014509 
1 0.555458 0.285714 0.029930 0.020647 
0 0.475352 0.295759 0.033451 0.012277 
1 0.447183 0.295759 0.032570 0.021763 
1 0.022007 0.366629 0.036972 0.030134 
0 0.485035 0.383371 0.061620 0.012277 
1 0.443662 0.382812 0.029930 0.020647 
1 0.633803 0.812500 0.035211 0.032924 
