0 0.054577 0.061942 0.063380 0.013393 
1 0.017606 0.061942 0.035211 0.032366 
0 0.459507 0.252790 0.063380 0.013393 
1 0.415493 0.252790 0.033451 0.022321 
1 0.757042 0.251116 0.036972 0.029576 
1 0.312500 0.344308 0.042254 0.024554 
1 0.169894 0.390067 0.028169 0.020089 
0 0.294014 0.498326 0.056338 0.011161 
1 0.255282 0.498326 0.029930 0.021205 
0 0.911972 0.553571 0.086268 0.010603 
1 0.856514 0.553571 0.033451 0.022321 
1 0.623239 0.556920 0.037852 0.032366 
1 0.419894 0.720982 0.036972 0.030692 
