0 0.387324 0.179129 0.061620 0.014509 
1 0.345070 0.179129 0.032570 0.022321 
0 0.566021 0.211496 0.089789 0.012277 
1 0.505282 0.211496 0.040493 0.026786 
1 0.141725 0.415179 0.029930 0.021205 
0 0.717430 0.516183 0.061620 0.013393 
1 0.672535 0.516183 0.036972 0.023438 
0 0.257923 0.543527 0.033451 0.012277 
1 0.225352 0.543527 0.039613 0.025112 
0 0.123239 0.595982 0.086268 0.010603 
1 0.068662 0.596540 0.031690 0.021205 
0 0.526408 0.699777 0.034331 0.010603 
1 0.309859 0.694754 0.032570 0.022321 
1 0.628521 0.693080 0.037852 0.032366 
1 0.494718 0.700335 0.038732 0.026786 
0 0.760563 0.746094 0.033451 0.013393 
1 0.727113 0.746094 0.042254 0.024554 
