1 0.422535 0.090402 0.033451 0.022321 
1 0.526408 0.145089 0.036972 0.029018 
1 0.459507 0.183594 0.028169 0.022321 
1 0.198944 0.211496 0.029930 0.021205 
1 0.255282 0.244978 0.044014 0.034598 
1 0.583627 0.300781 0.035211 0.022321 
1 0.196303 0.303571 0.036972 0.029018 
1 0.049296 0.344308 0.036972 0.029018 
1 0.899648 0.366629 0.093310 0.013393 
1 0.840669 0.366629 0.033451 0.022321 
1 0.231514 0.416853 0.063380 0.012277 
1 0.183979 0.416853 0.040493 0.026786 
1 0.871479 0.516741 0.095070 0.010045 
1 0.810739 0.516741 0.035211 0.022321 
1 0.443662 0.528460 0.063380 0.013393 
1 0.233275 0.534040 0.093310 0.012277 
1 0.457746 0.536830 0.091549 0.012277 
1 0.584507 0.530692 0.040493 0.026786 
1 0.172535 0.534040 0.036972 0.023438 
1 0.397887 0.536830 0.036972 0.029018 
1 0.143486 0.558036 0.042254 0.026786 
1 0.201585 0.572545 0.036972 0.023438 
1 0.156690 0.675781 0.065141 0.013393 
1 0.107394 0.675781 0.042254 0.026786 
1 0.934859 0.698661 0.044014 0.034598 
1 0.787852 0.802455 0.091549 0.012277 
1 0.730634 0.802455 0.031690 0.022321 
