1 0.687500 0.168527 0.059859 0.011161 
1 0.644366 0.168527 0.035211 0.022321 
0 0.618838 0.251674 0.091549 0.013393 
0 0.557218 0.251674 0.040493 0.025670 
1 0.557218 0.263393 0.063380 0.013393 
1 0.528169 0.311942 0.031690 0.022321 
1 0.308099 0.488281 0.033451 0.012277 
1 0.274648 0.488281 0.042254 0.026786 
0 0.265845 0.499442 0.028169 0.022321 
1 0.449824 0.505022 0.091549 0.012277 
1 0.394366 0.505022 0.028169 0.022321 
0 0.583627 0.548549 0.061620 0.012277 
0 0.543134 0.548549 0.028169 0.020089 
1 0.808099 0.604911 0.063380 0.012277 
1 0.761444 0.604911 0.038732 0.026786 
1 0.385563 0.680804 0.038732 0.026786 
1 0.522887 0.689732 0.035211 0.022321 
1 0.315141 0.700893 0.038732 0.026786 
