1 0.715669 0.147321 0.066901 0.013393 
1 0.670775 0.147321 0.031690 0.022321 
1 0.864437 0.237165 0.036972 0.023438 
0 0.270246 0.257812 0.063380 0.012277 
0 0.221831 0.257812 0.042254 0.026786 
1 0.796655 0.300223 0.036972 0.023438 
1 0.487676 0.306362 0.093310 0.012277 
1 0.120599 0.308036 0.065141 0.013393 
1 0.431338 0.306362 0.028169 0.020089 
1 0.071303 0.308036 0.042254 0.026786 
1 0.080106 0.339844 0.031690 0.022321 
1 0.386444 0.492188 0.088028 0.012277 
1 0.332746 0.492188 0.028169 0.022321 
1 0.658451 0.552455 0.033451 0.012277 
1 0.624120 0.552455 0.044014 0.034598 
1 0.587148 0.565848 0.036972 0.029018 
1 0.872359 0.580357 0.065141 0.013393 
1 0.829225 0.580357 0.028169 0.022321 
1 0.919014 0.592076 0.036972 0.029018 
1 0.642606 0.756138 0.042254 0.026786 
0 0.294014 0.811942 0.033451 0.021205 
1 0.321303 0.840402 0.040493 0.026786 
