1 0.379401 0.035156 0.063380 0.013393 
1 0.336268 0.035156 0.031690 0.022321 
1 0.966549 0.051897 0.036972 0.023438 
1 0.097711 0.165737 0.036972 0.029018 
1 0.623239 0.266741 0.028169 0.022321 
0 0.777289 0.280692 0.091549 0.013393 
0 0.719190 0.280692 0.033451 0.021205 
1 0.973592 0.323103 0.033451 0.012277 
1 0.811620 0.324219 0.061620 0.013393 
1 0.946303 0.323103 0.029930 0.021205 
1 0.771127 0.324219 0.028169 0.020089 
1 0.886444 0.337612 0.065141 0.012277 
1 0.839789 0.337612 0.036972 0.023438 
1 0.620599 0.505022 0.033451 0.022321 
1 0.176937 0.529576 0.065141 0.012277 
1 0.134683 0.529576 0.028169 0.020089 
1 0.747359 0.539621 0.029930 0.021205 
1 0.046655 0.557478 0.026408 0.021205 
1 0.639085 0.568638 0.056338 0.011161 
1 0.593310 0.568638 0.044014 0.034598 
1 0.537852 0.607143 0.033451 0.012277 
1 0.512324 0.607143 0.026408 0.021205 
1 0.204225 0.733817 0.044014 0.034598 
1 0.404930 0.750000 0.095070 0.012277 
1 0.339789 0.750000 0.044014 0.034598 
1 0.676937 0.758371 0.029930 0.021205 
1 0.685739 0.818080 0.040493 0.026786 
1 0.973592 0.843192 0.052817 0.012277 
1 0.937500 0.843192 0.028169 0.022321 
