1 0.257923 0.070871 0.035211 0.012277 
1 0.227993 0.070871 0.033451 0.022321 
1 0.466549 0.076451 0.026408 0.021205 
0 0.873239 0.078683 0.028169 0.022321 
1 0.974472 0.112723 0.040493 0.026786 
1 0.479754 0.222098 0.031690 0.022321 
0 0.212148 0.260603 0.031690 0.013393 
0 0.180458 0.260603 0.040493 0.025670 
1 0.398768 0.284598 0.044014 0.034598 
1 0.879401 0.323661 0.061620 0.013393 
1 0.642606 0.318080 0.036972 0.029018 
1 0.838908 0.323661 0.028169 0.020089 
1 0.207746 0.346540 0.038732 0.026786 
1 0.525528 0.361607 0.028169 0.022321 
1 0.703345 0.376116 0.059859 0.012277 
1 0.658451 0.376116 0.036972 0.029018 
1 0.083627 0.492746 0.091549 0.012277 
1 0.021127 0.492746 0.042254 0.026786 
1 0.924296 0.498326 0.036972 0.029018 
0 0.288732 0.534598 0.063380 0.013393 
0 0.247359 0.534598 0.028169 0.022321 
1 0.070423 0.554129 0.061620 0.012277 
1 0.029930 0.554129 0.028169 0.022321 
1 0.393486 0.560268 0.093310 0.012277 
1 0.335387 0.560268 0.031690 0.022321 
1 0.833627 0.580357 0.095070 0.010045 
1 0.772007 0.580357 0.036972 0.029018 
1 0.534331 0.678571 0.026408 0.021205 
