1 0.778169 0.112165 0.093310 0.013393 
1 0.720951 0.112165 0.028169 0.020089 
1 0.649648 0.148438 0.031690 0.022321 
1 0.329225 0.188616 0.063380 0.013393 
1 0.280810 0.188616 0.042254 0.026786 
1 0.286972 0.214286 0.063380 0.012277 
1 0.101232 0.217634 0.063380 0.013393 
1 0.239437 0.214286 0.040493 0.026786 
1 0.071303 0.216518 0.035211 0.022321 
1 0.056338 0.217634 0.035211 0.022321 
1 0.329225 0.261161 0.036972 0.029018 
1 0.451585 0.297991 0.035211 0.022321 
1 0.151408 0.306362 0.061620 0.013393 
1 0.507042 0.301339 0.040493 0.026786 
1 0.106514 0.306362 0.036972 0.023438 
1 0.808099 0.315290 0.063380 0.012277 
1 0.690141 0.311384 0.028169 0.022321 
1 0.759683 0.315290 0.042254 0.026786 
1 0.969190 0.320871 0.036972 0.029018 
0 0.859155 0.349888 0.033451 0.021205 
1 0.512324 0.353795 0.028169 0.022321 
1 0.328345 0.452009 0.063380 0.013393 
1 0.286092 0.452009 0.029930 0.021205 
0 0.520247 0.474330 0.042254 0.026786 
1 0.256162 0.480469 0.026408 0.021205 
1 0.620599 0.521763 0.029930 0.021205 
1 0.913732 0.529018 0.031690 0.022321 
1 0.460387 0.555246 0.091549 0.012277 
1 0.401408 0.555246 0.035211 0.022321 
1 0.135563 0.617188 0.029930 0.021205 
1 0.580106 0.622210 0.033451 0.013393 
1 0.553697 0.622210 0.028169 0.022321 
1 0.449824 0.646763 0.038732 0.026786 
1 0.554577 0.696429 0.063380 0.014509 
1 0.509683 0.696429 0.035211 0.022321 
1 0.335387 0.741071 0.091549 0.012277 
1 0.276408 0.741071 0.035211 0.022321 
0 0.691901 0.795201 0.028169 0.020089 
