1 0.857394 0.073103 0.033451 0.012277 
1 0.823063 0.073103 0.044014 0.034598 
0 0.350352 0.230469 0.035211 0.011161 
0 0.323063 0.230469 0.028169 0.022321 
1 0.033451 0.303571 0.031690 0.022321 
1 0.632042 0.338728 0.031690 0.022321 
1 0.258803 0.345424 0.033451 0.022321 
1 0.823944 0.429688 0.063380 0.013393 
1 0.781690 0.429688 0.029930 0.021205 
1 0.189261 0.511161 0.033451 0.022321 
1 0.843310 0.594308 0.035211 0.022321 
1 0.505282 0.596540 0.031690 0.022321 
1 0.807218 0.603237 0.063380 0.013393 
1 0.760563 0.603237 0.038732 0.026786 
1 0.260563 0.659040 0.063380 0.013393 
1 0.216549 0.659040 0.033451 0.022321 
1 0.930458 0.669085 0.061620 0.013393 
1 0.665493 0.671317 0.095070 0.012277 
1 0.890845 0.669085 0.026408 0.021205 
1 0.607394 0.671317 0.029930 0.021205 
1 0.565141 0.891183 0.040493 0.026786 
