0 0.379401 0.081473 0.059859 0.012277 
1 0.333627 0.081473 0.040493 0.026786 
1 0.466549 0.154576 0.031690 0.022321 
1 0.080986 0.161830 0.038732 0.025112 
0 0.280810 0.310268 0.063380 0.013393 
1 0.235035 0.310268 0.036972 0.029576 
1 0.125000 0.500000 0.038732 0.026786 
0 0.649648 0.647321 0.031690 0.009487 
1 0.617958 0.647321 0.040493 0.032366 
0 0.213028 0.704241 0.059859 0.010603 
1 0.169894 0.704241 0.035211 0.032924 
0 0.813380 0.726562 0.061620 0.013393 
1 0.765845 0.726562 0.041373 0.025112 
0 0.383803 0.840402 0.063380 0.013393 
1 0.337148 0.840402 0.038732 0.026786 
