0 0.891725 0.040737 0.095070 0.012277 
1 0.829225 0.040737 0.039613 0.025670 
1 0.027289 0.177455 0.036972 0.029576 
0 0.761444 0.247768 0.035211 0.012277 
1 0.728873 0.247768 0.041373 0.025112 
0 0.647887 0.301339 0.095070 0.010045 
1 0.585387 0.301339 0.038732 0.033482 
1 0.176937 0.393415 0.033451 0.022321 
1 0.795775 0.491071 0.029930 0.020647 
1 0.420775 0.507254 0.037852 0.029018 
0 0.679577 0.633371 0.063380 0.013393 
1 0.637324 0.633371 0.030810 0.021205 
1 0.572183 0.652902 0.029930 0.020647 
1 0.474472 0.700893 0.036972 0.023438 
1 0.700704 0.735491 0.041373 0.025112 
0 0.128521 0.852679 0.091549 0.012277 
1 0.071303 0.852679 0.031690 0.022321 
