1 0.535211 0.158482 0.065141 0.013393 
1 0.486796 0.158482 0.040493 0.026786 
1 0.810739 0.186942 0.065141 0.013393 
1 0.764965 0.186942 0.035211 0.022321 
0 0.886444 0.419643 0.063380 0.013393 
0 0.845070 0.419643 0.028169 0.020089 
1 0.882042 0.484375 0.035211 0.022321 
1 0.161092 0.492746 0.061620 0.013393 
1 0.115317 0.492746 0.038732 0.026786 
1 0.430458 0.610491 0.095070 0.012277 
1 0.373239 0.610491 0.028169 0.022321 
1 0.154049 0.614955 0.029930 0.021205 
1 0.467430 0.660714 0.036972 0.029018 
1 0.151408 0.680804 0.033451 0.011161 
1 0.125000 0.680804 0.028169 0.022321 
