1 0.968310 0.107143 0.062500 0.012277 
1 0.924296 0.107143 0.035211 0.022321 
0 0.109155 0.140067 0.031690 0.022321 
1 0.561620 0.209263 0.059859 0.011161 
1 0.053697 0.212054 0.063380 0.012277 
1 0.522007 0.209263 0.028169 0.020089 
1 0.014965 0.212054 0.029930 0.021205 
1 0.808979 0.243304 0.063380 0.013393 
1 0.761444 0.243304 0.040493 0.026786 
1 0.622359 0.308036 0.063380 0.014509 
1 0.579225 0.308036 0.031690 0.022321 
0 0.363556 0.316964 0.028169 0.022321 
1 0.873239 0.326451 0.033451 0.022321 
0 0.597711 0.372210 0.028169 0.022321 
1 0.159331 0.528460 0.033451 0.022321 
1 0.316901 0.551897 0.036972 0.023438 
1 0.745599 0.564174 0.033451 0.022321 
1 0.235035 0.599330 0.063380 0.011161 
1 0.360915 0.597098 0.028169 0.020089 
1 0.193662 0.599330 0.028169 0.022321 
1 0.852993 0.636161 0.029930 0.012277 
1 0.828345 0.636161 0.028169 0.022321 
1 0.573063 0.645647 0.096831 0.014509 
1 0.513204 0.645647 0.031690 0.022321 
1 0.977993 0.655692 0.044014 0.034598 
1 0.674296 0.693080 0.093310 0.012277 
1 0.616197 0.693080 0.031690 0.022321 
1 0.639965 0.730469 0.042254 0.026786 
1 0.818662 0.738281 0.061620 0.012277 
1 0.774648 0.738281 0.035211 0.022321 
1 0.790493 0.781808 0.093310 0.012277 
1 0.733275 0.781808 0.029930 0.021205 
1 0.789613 0.803571 0.026408 0.021205 
1 0.266725 0.827009 0.061620 0.012277 
1 0.224472 0.827009 0.031690 0.022321 
1 0.139085 0.873884 0.029930 0.021205 
