1 0.674296 0.184152 0.028169 0.022321 
1 0.875000 0.251674 0.061620 0.012277 
1 0.834507 0.251674 0.028169 0.022321 
1 0.491197 0.287946 0.035211 0.013393 
1 0.455986 0.287946 0.044014 0.034598 
1 0.171655 0.299107 0.044014 0.034598 
1 0.550176 0.362165 0.061620 0.013393 
1 0.503521 0.362165 0.040493 0.026786 
1 0.817782 0.477121 0.091549 0.012277 
1 0.759683 0.477121 0.033451 0.022321 
1 0.854753 0.518973 0.035211 0.022321 
1 0.593310 0.558594 0.033451 0.012277 
1 0.271127 0.558594 0.061620 0.013393 
1 0.230634 0.558594 0.028169 0.020089 
1 0.561620 0.558594 0.038732 0.026786 
1 0.652289 0.764509 0.033451 0.022321 
