0 0.816021 0.090960 0.063380 0.013393 
1 0.767606 0.090960 0.040493 0.025670 
1 0.375880 0.251116 0.035211 0.032924 
0 0.978873 0.313616 0.041373 0.010045 
1 0.948944 0.313616 0.029049 0.020089 
1 0.244718 0.347656 0.026408 0.021205 
0 0.276408 0.404018 0.088028 0.011161 
1 0.221831 0.404018 0.030810 0.021205 
1 0.279049 0.497210 0.031690 0.021205 
0 0.613556 0.530134 0.065141 0.014509 
0 0.258803 0.536272 0.087148 0.011161 
1 0.565141 0.530134 0.040493 0.025670 
1 0.204225 0.536272 0.032570 0.022321 
0 0.664613 0.590402 0.089789 0.012277 
1 0.605634 0.590402 0.036972 0.029576 
0 0.924296 0.667411 0.059859 0.010603 
1 0.879401 0.667411 0.038732 0.025112 
