1 0.367958 0.112723 0.030810 0.020647 
1 0.227993 0.198103 0.038732 0.033482 
0 0.121479 0.271763 0.063380 0.011161 
1 0.079225 0.271763 0.032570 0.021205 
1 0.281690 0.333705 0.036972 0.030134 
0 0.202465 0.350446 0.063380 0.012277 
1 0.160211 0.350446 0.030810 0.021205 
1 0.187500 0.454241 0.036972 0.029576 
0 0.751761 0.484933 0.059859 0.010045 
1 0.711268 0.484933 0.032570 0.021205 
0 0.883803 0.595424 0.089789 0.014509 
1 0.825704 0.595424 0.036092 0.032366 
1 0.736796 0.597656 0.036972 0.030134 
