1 0.953345 0.055804 0.093310 0.012277 
1 0.897007 0.055804 0.028169 0.022321 
1 0.030810 0.069196 0.028169 0.022321 
1 0.138204 0.117746 0.038732 0.026786 
1 0.081866 0.148996 0.031690 0.022321 
1 0.573944 0.162946 0.093310 0.012277 
1 0.509683 0.162946 0.044014 0.034598 
1 0.573063 0.176339 0.029930 0.021205 
1 0.290493 0.193080 0.026408 0.021205 
1 0.068662 0.198661 0.031690 0.022321 
1 0.581866 0.213728 0.033451 0.022321 
1 0.872359 0.232143 0.091549 0.013393 
1 0.816901 0.232143 0.028169 0.022321 
0 0.440141 0.251116 0.091549 0.012277 
0 0.377641 0.251116 0.042254 0.026786 
1 0.883803 0.304129 0.065141 0.012277 
0 0.572183 0.299665 0.040493 0.025670 
1 0.838908 0.304129 0.033451 0.022321 
1 0.357394 0.357143 0.042254 0.026786 
1 0.483275 0.368862 0.040493 0.026786 
1 0.579225 0.473772 0.028169 0.022321 
1 0.860035 0.496652 0.044014 0.034598 
1 0.975352 0.527902 0.048415 0.012277 
1 0.939261 0.527902 0.033451 0.022321 
1 0.353873 0.533482 0.033451 0.012277 
1 0.324824 0.533482 0.033451 0.022321 
0 0.854753 0.558036 0.033451 0.021205 
1 0.623239 0.611049 0.038732 0.026786 
1 0.903169 0.653460 0.033451 0.022321 
1 0.389965 0.704799 0.063380 0.013393 
1 0.348592 0.704799 0.028169 0.020089 
