0 0.669014 0.029018 0.060739 0.009487 
1 0.623239 0.028460 0.037852 0.029018 
0 0.383803 0.138951 0.065141 0.013393 
1 0.339789 0.138951 0.031690 0.022321 
0 0.494718 0.204799 0.033451 0.010045 
1 0.464789 0.204241 0.034331 0.031808 
0 0.606514 0.301897 0.088028 0.012277 
1 0.547535 0.301897 0.037852 0.029018 
0 0.222711 0.323103 0.091549 0.013393 
1 0.161092 0.322545 0.040493 0.025112 
0 0.856514 0.382812 0.059859 0.010603 
1 0.811620 0.382812 0.041373 0.034040 
1 0.757923 0.434152 0.035211 0.032924 
0 0.580986 0.561942 0.084507 0.011161 
1 0.522007 0.561942 0.042254 0.024554 
1 0.216549 0.620536 0.031690 0.021205 
0 0.400528 0.760603 0.066901 0.013393 
1 0.353873 0.760045 0.034331 0.031808 
