1 0.633803 0.104911 0.035211 0.012277 
1 0.600352 0.104911 0.040493 0.026786 
1 0.253521 0.119420 0.038732 0.026786 
1 0.701585 0.137835 0.061620 0.012277 
1 0.659331 0.137835 0.031690 0.022321 
1 0.051937 0.164621 0.028169 0.022321 
1 0.637324 0.170201 0.044014 0.034598 
1 0.632042 0.183036 0.026408 0.021205 
1 0.775528 0.222656 0.028169 0.020089 
1 0.407570 0.277344 0.029930 0.021205 
1 0.520247 0.333705 0.026408 0.021205 
1 0.385563 0.367746 0.063380 0.013393 
1 0.338908 0.367746 0.038732 0.026786 
1 0.720951 0.377232 0.063380 0.011161 
1 0.805458 0.377232 0.031690 0.022321 
1 0.679577 0.377232 0.028169 0.022321 
1 0.208627 0.410714 0.036972 0.023438 
1 0.302817 0.483817 0.036972 0.023438 
1 0.975352 0.501674 0.048415 0.013393 
1 0.933979 0.501674 0.044014 0.034598 
1 0.664613 0.530692 0.063380 0.011161 
1 0.619718 0.530692 0.035211 0.022321 
0 0.871479 0.580357 0.061620 0.013393 
0 0.829225 0.580357 0.031690 0.022321 
1 0.594190 0.616629 0.038732 0.026786 
1 0.187500 0.626674 0.042254 0.026786 
1 0.693662 0.636161 0.061620 0.013393 
1 0.650528 0.636161 0.033451 0.022321 
1 0.404930 0.640067 0.040493 0.026786 
1 0.469190 0.646205 0.026408 0.021205 
1 0.633803 0.658482 0.031690 0.022321 
1 0.286092 0.685826 0.044014 0.034598 
1 0.077465 0.711496 0.028169 0.020089 
1 0.332746 0.788504 0.061620 0.013393 
1 0.292254 0.788504 0.028169 0.020089 
1 0.118838 0.804688 0.065141 0.013393 
1 0.074824 0.804688 0.031690 0.022321 
