1 0.801056 0.045759 0.036972 0.029018 
1 0.333627 0.095982 0.063380 0.013393 
1 0.286092 0.095982 0.040493 0.026786 
1 0.368838 0.160714 0.029930 0.021205 
1 0.052817 0.280134 0.036972 0.029018 
1 0.029049 0.479911 0.035211 0.022321 
1 0.208627 0.542411 0.033451 0.011161 
1 0.180458 0.542411 0.031690 0.022321 
1 0.741197 0.572545 0.044014 0.034598 
1 0.479754 0.615513 0.042254 0.026786 
1 0.430458 0.689174 0.063380 0.013393 
1 0.388204 0.689174 0.029930 0.021205 
0 0.526408 0.731027 0.031690 0.022321 
