1 0.915493 0.167411 0.061620 0.013393 
1 0.870599 0.167411 0.036972 0.023438 
1 0.828345 0.218192 0.063380 0.013393 
1 0.784331 0.218192 0.033451 0.022321 
1 0.525528 0.337054 0.042254 0.026786 
1 0.271127 0.388951 0.036972 0.023438 
1 0.861796 0.492188 0.063380 0.013393 
1 0.813380 0.492188 0.042254 0.026786 
1 0.026408 0.564174 0.036972 0.029018 
1 0.777289 0.590960 0.095070 0.012277 
1 0.717430 0.590960 0.033451 0.022321 
1 0.336268 0.635045 0.061620 0.013393 
1 0.292254 0.635045 0.035211 0.022321 
1 0.845951 0.651228 0.089789 0.014509 
1 0.786092 0.651228 0.038732 0.026786 
1 0.522007 0.684710 0.031690 0.022321 
1 0.588028 0.723772 0.036972 0.023438 
1 0.373239 0.734375 0.028169 0.022321 
1 0.494718 0.776786 0.061620 0.013393 
1 0.454225 0.776786 0.028169 0.022321 
1 0.492077 0.832031 0.042254 0.026786 
