0 0.977993 0.129464 0.044014 0.014509 
1 0.945423 0.129464 0.029930 0.020647 
0 0.547535 0.197545 0.065141 0.013393 
1 0.504401 0.197545 0.029930 0.020647 
1 0.353873 0.299107 0.032570 0.021763 
0 0.514965 0.310268 0.088028 0.010603 
1 0.459507 0.310268 0.032570 0.020647 
0 0.285211 0.353237 0.061620 0.014509 
1 0.237676 0.353237 0.040493 0.025670 
0 0.613556 0.590402 0.059859 0.010045 
1 0.686620 0.581473 0.037852 0.029018 
1 0.570423 0.590402 0.033451 0.022321 
1 0.810739 0.736607 0.040493 0.025670 
