0 0.866197 0.353237 0.063380 0.013393 
1 0.823063 0.352679 0.029930 0.020647 
1 0.466549 0.366071 0.029930 0.020647 
0 0.139085 0.445871 0.084507 0.011161 
1 0.082746 0.445871 0.037852 0.029018 
0 0.175176 0.535156 0.093310 0.012277 
1 0.113556 0.534598 0.038732 0.025112 
1 0.202465 0.580357 0.041373 0.025112 
0 0.713028 0.710938 0.065141 0.014509 
1 0.663732 0.710938 0.042254 0.024554 
1 0.904930 0.741629 0.031690 0.022321 
0 0.155810 0.775112 0.065141 0.013393 
1 0.107394 0.775670 0.041373 0.034040 
