1 0.577465 0.241629 0.040493 0.025670 
1 0.866197 0.350446 0.032570 0.022321 
0 0.235915 0.404018 0.088028 0.011161 
1 0.178697 0.404018 0.035211 0.022321 
1 0.779930 0.424107 0.028169 0.020089 
0 0.904049 0.481585 0.091549 0.012277 
1 0.844190 0.481027 0.036972 0.029576 
0 0.146127 0.527902 0.063380 0.012277 
1 0.102113 0.527902 0.032570 0.022321 
0 0.295775 0.616071 0.060739 0.009487 
1 0.251761 0.615513 0.036092 0.032366 
1 0.312500 0.628348 0.040493 0.025112 
1 0.639085 0.659040 0.032570 0.021205 
0 0.549296 0.681362 0.085387 0.011161 
1 0.491197 0.681920 0.037852 0.032924 
