1 0.770247 0.261161 0.063380 0.013393 
1 0.450704 0.266741 0.063380 0.011161 
1 0.724472 0.261161 0.036972 0.023438 
1 0.633803 0.265067 0.036972 0.023438 
1 0.407570 0.266741 0.031690 0.022321 
1 0.600352 0.279576 0.061620 0.013393 
1 0.559859 0.279576 0.028169 0.022321 
1 0.733275 0.333147 0.026408 0.021205 
1 0.244718 0.343192 0.035211 0.022321 
1 0.238556 0.397321 0.091549 0.012277 
1 0.177817 0.397321 0.038732 0.026786 
1 0.273768 0.441964 0.040493 0.026786 
1 0.242958 0.461496 0.093310 0.013393 
1 0.181338 0.461496 0.038732 0.026786 
1 0.975352 0.476562 0.048415 0.012277 
1 0.942782 0.476562 0.026408 0.021205 
1 0.502641 0.545201 0.095070 0.012277 
1 0.444542 0.545201 0.029930 0.021205 
1 0.750000 0.589286 0.033451 0.012277 
1 0.717430 0.589286 0.040493 0.026786 
0 0.654049 0.627232 0.061620 0.014509 
0 0.614437 0.627232 0.026408 0.021205 
1 0.546655 0.652902 0.033451 0.012277 
1 0.514965 0.652902 0.038732 0.026786 
1 0.702465 0.729353 0.033451 0.012277 
1 0.593310 0.733259 0.056338 0.011161 
1 0.672535 0.729353 0.035211 0.022321 
1 0.551056 0.733259 0.036972 0.023438 
1 0.204225 0.812500 0.029930 0.021205 
1 0.265845 0.845424 0.063380 0.013393 
1 0.222711 0.845424 0.031690 0.022321 
1 0.408451 0.877790 0.035211 0.012277 
1 0.378521 0.877790 0.033451 0.022321 
