1 0.444542 0.168527 0.029930 0.021205 
0 0.380282 0.237165 0.063380 0.013393 
1 0.337148 0.237165 0.031690 0.021205 
0 0.385563 0.289621 0.036092 0.010045 
1 0.355634 0.289062 0.029930 0.020647 
0 0.823944 0.345424 0.063380 0.011161 
1 0.781690 0.345982 0.029930 0.020647 
0 0.853873 0.503348 0.091549 0.012277 
1 0.794014 0.503348 0.036972 0.029576 
0 0.933979 0.518973 0.086268 0.010603 
1 0.880282 0.519531 0.030810 0.020089 
0 0.264085 0.550223 0.033451 0.011161 
1 0.235915 0.550223 0.031690 0.022321 
0 0.492077 0.603795 0.065141 0.013393 
1 0.448944 0.603795 0.030810 0.021205 
1 0.424296 0.611607 0.037852 0.032366 
