0 0.147007 0.282924 0.061620 0.013393 
1 0.102113 0.282924 0.037852 0.032366 
0 0.867077 0.345982 0.063380 0.011161 
1 0.821303 0.345982 0.036972 0.032366 
0 0.536092 0.386719 0.063380 0.013393 
1 0.488556 0.386719 0.040493 0.026786 
1 0.522887 0.510045 0.031690 0.021763 
0 0.486796 0.525670 0.031690 0.009487 
1 0.460387 0.525112 0.029930 0.021205 
1 0.203345 0.654018 0.029930 0.020647 
0 0.405810 0.680246 0.091549 0.013393 
1 0.348592 0.680246 0.031690 0.022321 
1 0.188380 0.768415 0.026408 0.021205 
