1 0.760563 0.084821 0.036972 0.029018 
1 0.921655 0.177455 0.036972 0.023438 
0 0.625880 0.210938 0.089789 0.014509 
1 0.569542 0.210938 0.031690 0.021763 
1 0.133803 0.265625 0.033451 0.022321 
1 0.266725 0.277902 0.036972 0.029576 
0 0.198944 0.359375 0.085387 0.010603 
1 0.640845 0.354353 0.039613 0.025670 
1 0.144366 0.359375 0.032570 0.021205 
0 0.975352 0.520647 0.049296 0.012277 
1 0.935739 0.520647 0.038732 0.026786 
1 0.731514 0.535714 0.036972 0.029576 
0 0.655810 0.571429 0.061620 0.013393 
1 0.610035 0.571429 0.038732 0.025112 
1 0.139965 0.573661 0.031690 0.022879 
1 0.632042 0.594308 0.038732 0.026786 
