0 0.700704 0.188616 0.034331 0.009487 
1 0.669014 0.188616 0.036972 0.030692 
0 0.198063 0.301897 0.065141 0.013393 
1 0.151408 0.302455 0.037852 0.032924 
0 0.611796 0.385045 0.091549 0.012277 
1 0.553697 0.385045 0.031690 0.022321 
0 0.514085 0.404018 0.087148 0.010045 
1 0.455986 0.404018 0.037852 0.029018 
0 0.378521 0.654018 0.061620 0.014509 
1 0.332746 0.654018 0.039613 0.033482 
1 0.470070 0.665179 0.037852 0.032366 
1 0.098592 0.782924 0.035211 0.022321 
0 0.775528 0.815290 0.096831 0.014509 
1 0.713028 0.815290 0.039613 0.033482 
