1 0.233275 0.011161 0.031690 0.022321 
1 0.477113 0.111049 0.026408 0.021205 
1 0.570423 0.295201 0.042254 0.026786 
0 0.628521 0.310826 0.031690 0.022321 
1 0.173415 0.340402 0.029930 0.021205 
1 0.643486 0.398438 0.040493 0.026786 
0 0.787852 0.437500 0.091549 0.014509 
0 0.725352 0.437500 0.042254 0.026786 
1 0.265845 0.454799 0.036972 0.023438 
1 0.645247 0.481027 0.042254 0.026786 
1 0.229754 0.512835 0.091549 0.012277 
1 0.175176 0.512835 0.026408 0.021205 
1 0.206866 0.584821 0.033451 0.022321 
1 0.429577 0.662946 0.063380 0.013393 
1 0.384683 0.662946 0.035211 0.022321 
1 0.961268 0.663504 0.035211 0.022321 
1 0.561620 0.708705 0.095070 0.012277 
1 0.683979 0.707589 0.028169 0.020089 
1 0.505282 0.708705 0.026408 0.021205 
1 0.408451 0.715960 0.028169 0.022321 
1 0.638204 0.785714 0.033451 0.012277 
1 0.287852 0.787388 0.063380 0.013393 
1 0.245599 0.787388 0.029930 0.021205 
1 0.607394 0.785714 0.036972 0.029018 
1 0.740317 0.863281 0.040493 0.026786 
