0 0.589789 0.120536 0.059859 0.010603 
1 0.549296 0.120536 0.030810 0.020647 
0 0.417254 0.157924 0.034331 0.008929 
1 0.384683 0.158482 0.036972 0.029576 
0 0.274648 0.295759 0.058979 0.010045 
1 0.232394 0.295759 0.032570 0.021763 
1 0.132042 0.402902 0.029049 0.020089 
1 0.026408 0.399554 0.044014 0.034598 
0 0.214789 0.414062 0.058979 0.009487 
1 0.170775 0.414062 0.036972 0.029576 
1 0.424296 0.573661 0.036972 0.029576 
1 0.470070 0.594308 0.029930 0.021205 
1 0.244718 0.603795 0.030810 0.020089 
0 0.332746 0.703125 0.063380 0.012277 
1 0.288732 0.703125 0.036092 0.032366 
