0 0.602993 0.229353 0.061620 0.012277 
1 0.561620 0.228795 0.030810 0.020647 
0 0.055458 0.273438 0.063380 0.013393 
1 0.015845 0.273438 0.031690 0.021205 
0 0.882923 0.320312 0.065141 0.012277 
1 0.841549 0.320312 0.026408 0.021205 
1 0.117958 0.360491 0.034331 0.031808 
0 0.825704 0.415737 0.033451 0.012277 
1 0.794894 0.415737 0.036972 0.029018 
1 0.641725 0.476562 0.036972 0.029576 
1 0.742958 0.573661 0.030810 0.020647 
0 0.670775 0.635045 0.093310 0.012277 
1 0.610035 0.635045 0.036972 0.023438 
0 0.890845 0.659598 0.095070 0.010045 
1 0.829225 0.659598 0.039613 0.033482 
1 0.478873 0.677455 0.039613 0.025112 
0 0.165493 0.830357 0.063380 0.013393 
1 0.120599 0.830357 0.035211 0.022321 
