1 0.900528 0.070871 0.036972 0.029018 
1 0.149648 0.101004 0.028169 0.020089 
1 0.573944 0.262277 0.093310 0.013393 
1 0.512324 0.262277 0.038732 0.026786 
1 0.587148 0.270089 0.035211 0.022321 
1 0.890845 0.293527 0.091549 0.013393 
1 0.830986 0.293527 0.036972 0.029018 
1 0.290493 0.430246 0.091549 0.013393 
1 0.235035 0.430246 0.028169 0.020089 
1 0.482394 0.477121 0.033451 0.011161 
1 0.455986 0.477121 0.028169 0.020089 
1 0.892606 0.554688 0.088028 0.012277 
1 0.830986 0.554688 0.044014 0.034598 
1 0.849472 0.599330 0.026408 0.021205 
1 0.807218 0.616071 0.063380 0.011161 
1 0.760563 0.616071 0.038732 0.026786 
1 0.397887 0.646205 0.091549 0.012277 
1 0.338028 0.646205 0.036972 0.023438 
1 0.668134 0.766741 0.061620 0.012277 
1 0.621479 0.766741 0.040493 0.026786 
1 0.673415 0.781250 0.035211 0.022321 
