1 0.255282 0.027902 0.042254 0.026786 
1 0.114437 0.070312 0.088028 0.012277 
1 0.058979 0.070312 0.031690 0.022321 
1 0.360915 0.165179 0.028169 0.020089 
1 0.590669 0.191406 0.028169 0.022321 
1 0.853873 0.203683 0.036972 0.023438 
1 0.960387 0.239955 0.029930 0.021205 
1 0.356514 0.270089 0.035211 0.022321 
1 0.175176 0.312500 0.089789 0.014509 
1 0.120599 0.312500 0.028169 0.022321 
1 0.963028 0.347098 0.029930 0.021205 
1 0.819542 0.367188 0.042254 0.026786 
1 0.827465 0.378906 0.065141 0.013393 
1 0.785211 0.378906 0.028169 0.022321 
0 0.042254 0.387835 0.035211 0.023438 
1 0.207746 0.400670 0.036972 0.023438 
1 0.361796 0.472656 0.065141 0.013393 
1 0.314261 0.472656 0.038732 0.026786 
1 0.665493 0.482143 0.093310 0.013393 
1 0.602993 0.482143 0.038732 0.026786 
1 0.392606 0.553013 0.065141 0.012277 
1 0.484155 0.549665 0.035211 0.022321 
1 0.183979 0.543527 0.044014 0.034598 
1 0.342430 0.553013 0.044014 0.034598 
0 0.651408 0.567522 0.063380 0.012277 
0 0.610035 0.567522 0.028169 0.020089 
1 0.468310 0.589844 0.035211 0.012277 
1 0.437500 0.589844 0.035211 0.022321 
0 0.155810 0.606027 0.089789 0.013393 
1 0.352113 0.604353 0.035211 0.022321 
0 0.095070 0.606027 0.040493 0.025670 
1 0.463028 0.659598 0.029930 0.021205 
1 0.681338 0.665179 0.031690 0.022321 
0 0.070423 0.680804 0.028169 0.020089 
1 0.416373 0.758929 0.028169 0.020089 
0 0.522887 0.873326 0.033451 0.021205 
