0 0.189261 0.065290 0.033451 0.012277 
1 0.158451 0.064732 0.037852 0.032924 
1 0.399648 0.160156 0.039613 0.033482 
0 0.551056 0.265625 0.063380 0.013393 
1 0.411972 0.264509 0.034331 0.031808 
1 0.505282 0.265625 0.037852 0.029018 
0 0.303697 0.355469 0.096831 0.014509 
1 0.243838 0.355469 0.031690 0.022321 
1 0.029930 0.397321 0.029930 0.020647 
1 0.242958 0.529576 0.036972 0.032366 
1 0.089789 0.642857 0.040493 0.025670 
1 0.139085 0.675223 0.036972 0.032366 
0 0.170775 0.841518 0.058979 0.009487 
1 0.129401 0.841518 0.031690 0.021763 
