1 0.906690 0.085938 0.037852 0.032366 
1 0.913732 0.137277 0.034331 0.031808 
1 0.959507 0.213170 0.041373 0.025112 
1 0.210387 0.424107 0.040493 0.025670 
1 0.569542 0.510603 0.031690 0.022321 
0 0.762324 0.540179 0.059859 0.010045 
1 0.720951 0.540179 0.031690 0.022321 
1 0.190141 0.539062 0.036092 0.032366 
0 0.501761 0.620536 0.063380 0.013393 
1 0.455106 0.620536 0.038732 0.033482 
1 0.141725 0.626116 0.036972 0.029576 
1 0.614437 0.718750 0.037852 0.032924 
1 0.648768 0.790737 0.031690 0.021205 
