1 0.032570 0.088728 0.040493 0.026786 
1 0.367958 0.146763 0.035211 0.022321 
1 0.714789 0.183594 0.063380 0.013393 
1 0.669894 0.183594 0.035211 0.022321 
1 0.809859 0.194754 0.091549 0.012277 
1 0.750880 0.194754 0.035211 0.022321 
1 0.352113 0.285156 0.029930 0.021205 
1 0.162852 0.387277 0.063380 0.013393 
1 0.115317 0.387277 0.040493 0.026786 
1 0.808979 0.442522 0.036972 0.029018 
1 0.785211 0.501116 0.065141 0.013393 
1 0.734155 0.501116 0.044014 0.034598 
0 0.216549 0.522321 0.035211 0.011161 
0 0.185739 0.522321 0.035211 0.023438 
1 0.274648 0.594866 0.058099 0.013393 
1 0.228873 0.594866 0.042254 0.026786 
1 0.654049 0.611607 0.036972 0.029018 
1 0.153169 0.619420 0.026408 0.021205 
1 0.806338 0.659040 0.042254 0.026786 
1 0.365317 0.737165 0.044014 0.034598 
