1 0.117077 0.111607 0.035211 0.022321 
1 0.698944 0.188058 0.035211 0.012277 
1 0.664613 0.188058 0.042254 0.026786 
1 0.980634 0.203683 0.037852 0.013393 
1 0.952465 0.203683 0.028169 0.020089 
1 0.837148 0.239397 0.029930 0.021205 
1 0.234155 0.276786 0.061620 0.013393 
1 0.193662 0.276786 0.026408 0.021205 
1 0.474472 0.282366 0.026408 0.021205 
1 0.581866 0.301339 0.036972 0.029018 
1 0.120599 0.316964 0.063380 0.012277 
1 0.073063 0.316964 0.040493 0.026786 
1 0.934859 0.330915 0.033451 0.022321 
1 0.867077 0.334821 0.031690 0.022321 
1 0.822183 0.351562 0.063380 0.012277 
1 0.774648 0.351562 0.040493 0.026786 
1 0.392606 0.376674 0.065141 0.013393 
1 0.345951 0.376674 0.036972 0.029018 
0 0.978873 0.426897 0.042254 0.013393 
0 0.941021 0.426897 0.042254 0.026786 
1 0.440141 0.456473 0.063380 0.014509 
1 0.395246 0.456473 0.035211 0.022321 
1 0.219190 0.511161 0.063380 0.012277 
1 0.173415 0.511161 0.036972 0.029018 
0 0.536972 0.564174 0.061620 0.012277 
0 0.493838 0.564174 0.033451 0.021205 
1 0.342430 0.619420 0.065141 0.012277 
1 0.298415 0.619420 0.031690 0.022321 
1 0.743838 0.624442 0.028169 0.022321 
1 0.857394 0.659598 0.036972 0.029018 
1 0.356514 0.702567 0.038732 0.026786 
1 0.754401 0.885045 0.033451 0.012277 
1 0.726232 0.885045 0.031690 0.022321 
