1 0.672535 0.232701 0.066901 0.013393 
1 0.620599 0.232701 0.044014 0.034598 
1 0.748239 0.289062 0.065141 0.014509 
1 0.700704 0.289062 0.038732 0.026786 
1 0.485915 0.340960 0.061620 0.013393 
1 0.441901 0.340960 0.035211 0.022321 
1 0.974472 0.491071 0.038732 0.026786 
1 0.261444 0.511719 0.044014 0.034598 
1 0.744718 0.608259 0.036972 0.029018 
1 0.356514 0.614397 0.038732 0.026786 
0 0.095951 0.676339 0.028169 0.020089 
1 0.385563 0.808036 0.065141 0.012277 
1 0.338908 0.808036 0.036972 0.023438 
