1 0.213028 0.199777 0.063380 0.013393 
1 0.169894 0.199777 0.031690 0.022321 
1 0.441021 0.219308 0.065141 0.012277 
1 0.390845 0.219308 0.044014 0.034598 
1 0.086268 0.231585 0.029930 0.021205 
1 0.358275 0.233259 0.028169 0.020089 
1 0.632042 0.232143 0.033451 0.022321 
1 0.557218 0.242746 0.089789 0.012277 
1 0.495599 0.242746 0.042254 0.026786 
1 0.270246 0.257812 0.036972 0.029018 
1 0.256162 0.283482 0.035211 0.022321 
1 0.744718 0.313616 0.026408 0.021205 
0 0.312500 0.328683 0.028169 0.020089 
1 0.419014 0.356585 0.035211 0.012277 
1 0.385563 0.356585 0.040493 0.026786 
1 0.155810 0.374442 0.028169 0.020089 
0 0.682218 0.386161 0.035211 0.023438 
1 0.662852 0.501116 0.091549 0.012277 
1 0.602113 0.501116 0.038732 0.026786 
1 0.413732 0.528460 0.028169 0.022321 
1 0.906690 0.583147 0.063380 0.013393 
1 0.620599 0.651786 0.063380 0.013393 
1 0.579225 0.651786 0.028169 0.022321 
1 0.293134 0.690290 0.038732 0.026786 
1 0.097711 0.746652 0.031690 0.022321 
1 0.361796 0.771205 0.026408 0.021205 
1 0.051937 0.812500 0.044014 0.034598 
