0 0.095951 0.197545 0.093310 0.013393 
1 0.040493 0.197545 0.029049 0.020089 
1 0.966549 0.282924 0.042254 0.024554 
0 0.091549 0.407924 0.033451 0.013393 
1 0.063380 0.408482 0.031690 0.022879 
0 0.817782 0.511161 0.063380 0.012277 
1 0.026408 0.513951 0.035211 0.022321 
1 0.772887 0.511161 0.036092 0.032366 
1 0.639085 0.542411 0.029049 0.020089 
1 0.620599 0.639509 0.040493 0.032366 
1 0.901408 0.662388 0.037852 0.029018 
1 0.751761 0.739397 0.037852 0.032366 
1 0.977993 0.758929 0.031690 0.021763 
