1 0.687500 0.222098 0.029930 0.021205 
0 0.257923 0.226562 0.028169 0.022321 
1 0.431338 0.266183 0.029930 0.021205 
1 0.155810 0.268973 0.026408 0.021205 
1 0.164613 0.381696 0.033451 0.022321 
1 0.198063 0.419643 0.033451 0.012277 
0 0.255282 0.441406 0.042254 0.026786 
1 0.308979 0.453125 0.036972 0.023438 
1 0.228873 0.586496 0.058099 0.013393 
1 0.184859 0.586496 0.038732 0.026786 
1 0.573944 0.654576 0.026408 0.021205 
1 0.535211 0.713170 0.028169 0.022321 
1 0.905810 0.782366 0.033451 0.012277 
1 0.879401 0.782366 0.028169 0.020089 
