1 0.355634 0.044643 0.042254 0.026786 
0 0.920775 0.119978 0.063380 0.013393 
1 0.878521 0.120536 0.030810 0.020647 
1 0.790493 0.238281 0.030810 0.021205 
0 0.470951 0.290179 0.063380 0.012277 
1 0.430458 0.290179 0.026408 0.021205 
0 0.978873 0.330357 0.042254 0.010045 
1 0.913732 0.321987 0.037852 0.029018 
1 0.941901 0.330357 0.040493 0.025670 
1 0.357394 0.366071 0.036092 0.032366 
0 0.047535 0.407924 0.033451 0.011161 
1 0.018486 0.407924 0.036972 0.032366 
1 0.043134 0.583705 0.029930 0.020647 
1 0.815141 0.652344 0.029930 0.021205 
