1 0.882042 0.048549 0.066901 0.013393 
1 0.833627 0.048549 0.038732 0.026786 
1 0.651408 0.183594 0.063380 0.013393 
1 0.604753 0.183594 0.038732 0.026786 
1 0.370599 0.245536 0.035211 0.012277 
1 0.785211 0.246652 0.088028 0.012277 
1 0.340669 0.245536 0.033451 0.022321 
1 0.728873 0.246652 0.033451 0.022321 
1 0.573063 0.277344 0.089789 0.014509 
1 0.481514 0.272321 0.042254 0.026786 
1 0.519366 0.277344 0.026408 0.021205 
1 0.872359 0.281808 0.061620 0.014509 
1 0.826585 0.281808 0.038732 0.026786 
1 0.760563 0.364955 0.035211 0.013393 
1 0.732394 0.364955 0.029930 0.021205 
1 0.215669 0.386161 0.035211 0.022321 
1 0.605634 0.396205 0.063380 0.013393 
1 0.563380 0.396205 0.029930 0.021205 
1 0.482394 0.406250 0.063380 0.012277 
1 0.436620 0.406250 0.036972 0.023438 
1 0.047535 0.496094 0.026408 0.021205 
1 0.815141 0.521763 0.038732 0.026786 
1 0.375880 0.539062 0.028169 0.022321 
1 0.533451 0.590960 0.033451 0.022321 
1 0.205986 0.623326 0.028169 0.020089 
1 0.827465 0.647879 0.063380 0.014509 
1 0.401408 0.826451 0.093310 0.012277 
1 0.345070 0.826451 0.028169 0.020089 
