0 0.393486 0.178013 0.063380 0.012277 
0 0.345951 0.178013 0.040493 0.025670 
1 0.249120 0.289062 0.036972 0.029018 
1 0.984155 0.314174 0.030810 0.010045 
1 0.960387 0.314174 0.026408 0.021205 
1 0.579225 0.343192 0.033451 0.012277 
1 0.547535 0.343192 0.036972 0.023438 
1 0.286972 0.497210 0.095070 0.012277 
1 0.225352 0.497210 0.036972 0.023438 
1 0.845070 0.516183 0.033451 0.022321 
1 0.621479 0.546317 0.028169 0.022321 
1 0.498239 0.563058 0.066901 0.013393 
1 0.450704 0.563058 0.036972 0.029018 
1 0.054577 0.574219 0.028169 0.020089 
1 0.539613 0.636161 0.061620 0.013393 
1 0.499120 0.636161 0.028169 0.022321 
1 0.384683 0.640625 0.063380 0.013393 
1 0.342430 0.640625 0.029930 0.021205 
1 0.630282 0.687500 0.036972 0.023438 
