1 0.080986 0.013393 0.038732 0.026786 
1 0.970070 0.194754 0.058979 0.011161 
1 0.929577 0.194754 0.031690 0.022321 
1 0.635563 0.302455 0.035211 0.012277 
1 0.604753 0.302455 0.035211 0.022321 
1 0.460387 0.327567 0.036972 0.023438 
0 0.818662 0.378906 0.063380 0.012277 
1 0.228873 0.383371 0.091549 0.012277 
0 0.773768 0.378906 0.035211 0.023438 
1 0.174296 0.383371 0.026408 0.021205 
1 0.183099 0.430804 0.096831 0.014509 
1 0.123239 0.430804 0.031690 0.022321 
1 0.453345 0.458147 0.036972 0.023438 
1 0.360035 0.568638 0.063380 0.013393 
1 0.313380 0.568638 0.038732 0.026786 
1 0.156690 0.654018 0.093310 0.013393 
1 0.095070 0.654018 0.038732 0.026786 
1 0.095951 0.729911 0.028169 0.022321 
