1 0.214789 0.203125 0.028169 0.022321 
1 0.561620 0.257254 0.042254 0.026786 
1 0.098592 0.290179 0.061620 0.014509 
1 0.356514 0.287946 0.026408 0.021205 
1 0.058099 0.290179 0.028169 0.020089 
0 0.477993 0.292411 0.033451 0.021205 
1 0.352993 0.381696 0.028169 0.022321 
1 0.217430 0.487165 0.063380 0.012277 
1 0.171655 0.487165 0.036972 0.029018 
0 0.772007 0.511719 0.065141 0.013393 
0 0.729753 0.511719 0.028169 0.020089 
1 0.916373 0.534040 0.036972 0.029018 
0 0.757923 0.565848 0.066901 0.011161 
0 0.714789 0.565848 0.028169 0.022321 
1 0.612676 0.563616 0.044014 0.034598 
1 0.489437 0.580357 0.063380 0.013393 
1 0.448063 0.580357 0.028169 0.020089 
1 0.421655 0.602679 0.059859 0.012277 
1 0.376761 0.602679 0.036972 0.023438 
1 0.472711 0.628906 0.042254 0.026786 
1 0.695423 0.810826 0.035211 0.022321 
1 0.843310 0.859933 0.063380 0.013393 
1 0.802817 0.859933 0.026408 0.021205 
