0 0.170775 0.318080 0.086268 0.010603 
0 0.273768 0.319754 0.065141 0.012277 
1 0.229754 0.319754 0.031690 0.022321 
1 0.111796 0.318638 0.040493 0.025670 
1 0.575704 0.369978 0.042254 0.024554 
0 0.260563 0.477121 0.091549 0.013393 
1 0.204225 0.477121 0.029930 0.021205 
1 0.792253 0.556920 0.034331 0.030134 
0 0.589789 0.617188 0.088028 0.010603 
1 0.531690 0.617188 0.037852 0.032366 
0 0.662852 0.645647 0.063380 0.012277 
1 0.615317 0.645089 0.040493 0.025112 
1 0.589789 0.869978 0.032570 0.021205 
