0 0.330106 0.042969 0.059859 0.012277 
1 0.285211 0.042969 0.037852 0.029018 
1 0.573063 0.241071 0.042254 0.024554 
1 0.535211 0.356027 0.030810 0.020647 
1 0.345951 0.380022 0.040493 0.026786 
1 0.250000 0.493304 0.042254 0.024554 
0 0.138204 0.598214 0.033451 0.009487 
1 0.110915 0.598214 0.030810 0.021205 
1 0.739437 0.594866 0.037852 0.032366 
0 0.531690 0.661272 0.035211 0.012277 
1 0.498239 0.661272 0.040493 0.025670 
0 0.557218 0.838170 0.059859 0.010603 
1 0.515845 0.838170 0.032570 0.021763 
