1 0.062500 0.104911 0.031690 0.022321 
1 0.688380 0.137277 0.028169 0.020089 
1 0.868838 0.234375 0.063380 0.013393 
1 0.826585 0.234375 0.029930 0.021205 
1 0.487676 0.287946 0.061620 0.012277 
1 0.444542 0.287946 0.033451 0.022321 
1 0.852113 0.305804 0.042254 0.026786 
1 0.417254 0.311384 0.040493 0.026786 
1 0.363556 0.366629 0.036972 0.023438 
1 0.492077 0.382812 0.029930 0.021205 
1 0.880282 0.450893 0.091549 0.012277 
1 0.818662 0.450893 0.040493 0.026786 
1 0.207746 0.456473 0.028169 0.020089 
1 0.209507 0.528460 0.036972 0.029018 
1 0.252641 0.554688 0.035211 0.022321 
0 0.608275 0.608259 0.063380 0.013393 
0 0.559859 0.608259 0.042254 0.026786 
1 0.525528 0.614397 0.028169 0.022321 
1 0.438380 0.707589 0.065141 0.013393 
1 0.391725 0.707589 0.036972 0.023438 
1 0.930458 0.782366 0.061620 0.011161 
1 0.885563 0.782366 0.036972 0.029018 
1 0.362676 0.814732 0.036972 0.023438 
