0 0.890845 0.048549 0.091549 0.013393 
1 0.833627 0.048549 0.031690 0.021205 
1 0.648768 0.195871 0.029930 0.021205 
0 0.754401 0.244978 0.033451 0.011161 
1 0.727113 0.245536 0.029930 0.020647 
0 0.804577 0.401228 0.063380 0.014509 
1 0.757923 0.401228 0.038732 0.033482 
1 0.143486 0.411272 0.038732 0.026786 
0 0.211268 0.541853 0.065141 0.013393 
1 0.169014 0.541853 0.028169 0.022321 
1 0.806338 0.540179 0.037852 0.032366 
0 0.603873 0.755022 0.061620 0.014509 
1 0.559859 0.755022 0.035211 0.022321 
