0 0.054577 0.140067 0.033451 0.011161 
1 0.023768 0.140625 0.036972 0.029576 
0 0.169014 0.212612 0.063380 0.014509 
1 0.125880 0.212612 0.031690 0.021205 
1 0.896127 0.452009 0.028169 0.020647 
1 0.538732 0.533482 0.030810 0.020647 
1 0.371479 0.545759 0.038732 0.033482 
0 0.183979 0.578125 0.063380 0.013393 
1 0.139085 0.578125 0.037852 0.032366 
0 0.761444 0.622768 0.065141 0.013393 
0 0.537852 0.628348 0.035211 0.012277 
1 0.714789 0.622768 0.036972 0.030134 
1 0.508803 0.628348 0.030810 0.020647 
1 0.641725 0.714286 0.036972 0.030692 
0 0.821303 0.725446 0.061620 0.011161 
1 0.779930 0.725446 0.032570 0.021763 
0 0.620599 0.898996 0.063380 0.011161 
1 0.573944 0.899554 0.037852 0.032924 
