1 0.617958 0.013393 0.040493 0.026786 
1 0.609155 0.031250 0.033451 0.012277 
1 0.196303 0.032366 0.089789 0.012277 
1 0.137324 0.032366 0.036972 0.023438 
1 0.575704 0.031250 0.042254 0.026786 
1 0.141725 0.084263 0.029930 0.021205 
1 0.078345 0.147879 0.028169 0.020089 
1 0.348592 0.266183 0.029930 0.021205 
1 0.181338 0.282924 0.036972 0.029018 
1 0.220951 0.438058 0.063380 0.013393 
1 0.175176 0.438058 0.036972 0.029018 
1 0.414613 0.529576 0.042254 0.026786 
1 0.229754 0.561384 0.095070 0.012277 
1 0.166373 0.561384 0.040493 0.026786 
0 0.235035 0.607143 0.091549 0.013393 
1 0.330986 0.609933 0.063380 0.011161 
0 0.180458 0.607143 0.026408 0.021205 
1 0.289613 0.609933 0.028169 0.020089 
1 0.477113 0.657924 0.031690 0.022321 
1 0.315141 0.712612 0.033451 0.022321 
1 0.676937 0.728237 0.028169 0.022321 
1 0.795775 0.738281 0.035211 0.022321 
