1 0.367077 0.044085 0.035211 0.013393 
1 0.334507 0.044085 0.038732 0.026786 
1 0.335387 0.137277 0.063380 0.013393 
1 0.290493 0.137277 0.035211 0.022321 
1 0.632042 0.146205 0.026408 0.021205 
1 0.531690 0.154018 0.044014 0.034598 
1 0.750880 0.239955 0.036972 0.029018 
1 0.881162 0.252232 0.061620 0.013393 
1 0.840669 0.252232 0.028169 0.022321 
1 0.854753 0.268415 0.038732 0.026786 
1 0.278169 0.279576 0.033451 0.012277 
1 0.442782 0.281808 0.065141 0.012277 
1 0.250000 0.279576 0.031690 0.022321 
1 0.400528 0.281808 0.028169 0.022321 
1 0.066901 0.377232 0.065141 0.013393 
1 0.020246 0.377232 0.040493 0.026786 
1 0.770247 0.386161 0.059859 0.012277 
1 0.727113 0.386161 0.035211 0.022321 
1 0.246479 0.396205 0.026408 0.021205 
1 0.431338 0.532366 0.035211 0.022321 
1 0.910211 0.566964 0.044014 0.034598 
1 0.533451 0.589844 0.044014 0.034598 
0 0.574824 0.599330 0.028169 0.022321 
1 0.149648 0.630022 0.033451 0.012277 
1 0.227993 0.626674 0.035211 0.022321 
1 0.124120 0.630022 0.026408 0.021205 
1 0.419894 0.678571 0.028169 0.022321 
1 0.390845 0.788504 0.061620 0.014509 
1 0.346831 0.788504 0.035211 0.022321 
1 0.958627 0.788504 0.031690 0.022321 
