1 0.420775 0.010603 0.029930 0.021205 
1 0.911092 0.121652 0.033451 0.022321 
1 0.318662 0.199219 0.035211 0.022321 
1 0.146127 0.213728 0.026408 0.021205 
1 0.303697 0.236049 0.091549 0.013393 
1 0.744718 0.229353 0.040493 0.026786 
1 0.240317 0.236049 0.044014 0.034598 
0 0.498239 0.278460 0.065141 0.014509 
1 0.212148 0.275670 0.028169 0.022321 
0 0.448944 0.278460 0.042254 0.026786 
1 0.287852 0.363839 0.059859 0.011161 
1 0.182218 0.357143 0.044014 0.034598 
1 0.518486 0.381696 0.091549 0.013393 
1 0.460387 0.381696 0.033451 0.022321 
1 0.210387 0.479353 0.033451 0.012277 
1 0.183979 0.479353 0.028169 0.022321 
1 0.777289 0.518415 0.061620 0.013393 
1 0.731514 0.518415 0.036972 0.029018 
1 0.410211 0.542969 0.040493 0.026786 
1 0.233275 0.568080 0.091549 0.012277 
1 0.169894 0.568080 0.044014 0.034598 
