1 0.963028 0.170759 0.042254 0.026786 
1 0.488556 0.212612 0.063380 0.013393 
0 0.636444 0.208705 0.033451 0.021205 
1 0.441901 0.212612 0.036972 0.029018 
1 0.369718 0.220982 0.036972 0.023438 
1 0.932218 0.237723 0.091549 0.012277 
1 0.091549 0.234375 0.038732 0.026786 
1 0.868838 0.237723 0.044014 0.034598 
1 0.433979 0.250000 0.093310 0.012277 
1 0.372359 0.250000 0.038732 0.026786 
1 0.771127 0.258929 0.089789 0.012277 
1 0.715669 0.258929 0.029930 0.021205 
1 0.230634 0.283482 0.091549 0.012277 
1 0.176056 0.283482 0.026408 0.021205 
0 0.076585 0.297991 0.035211 0.011161 
0 0.050176 0.297991 0.026408 0.021205 
1 0.790493 0.310268 0.095070 0.012277 
1 0.733275 0.310268 0.028169 0.022321 
0 0.556338 0.325335 0.063380 0.012277 
0 0.515845 0.325335 0.026408 0.021205 
1 0.198063 0.323661 0.036972 0.029018 
1 0.431338 0.372768 0.063380 0.013393 
1 0.763204 0.452009 0.042254 0.026786 
1 0.821303 0.500000 0.063380 0.014509 
1 0.779930 0.500000 0.028169 0.020089 
1 0.654049 0.564174 0.065141 0.012277 
1 0.849472 0.556920 0.044014 0.034598 
1 0.609155 0.564174 0.033451 0.022321 
1 0.268486 0.574219 0.028169 0.022321 
0 0.751761 0.598772 0.033451 0.021205 
1 0.711268 0.682478 0.063380 0.013393 
1 0.666373 0.682478 0.035211 0.022321 
1 0.359155 0.703683 0.036972 0.023438 
1 0.638204 0.728237 0.033451 0.012277 
1 0.606514 0.728237 0.038732 0.026786 
1 0.159331 0.814174 0.063380 0.014509 
1 0.117958 0.814174 0.028169 0.020089 
