1 0.611796 0.183036 0.029930 0.021205 
1 0.588908 0.272321 0.028169 0.020089 
1 0.775528 0.306362 0.065141 0.013393 
1 0.731514 0.306362 0.031690 0.022321 
1 0.926056 0.345982 0.063380 0.012277 
1 0.882042 0.345982 0.031690 0.022321 
1 0.285211 0.352679 0.061620 0.013393 
1 0.244718 0.352679 0.028169 0.022321 
1 0.498239 0.399554 0.035211 0.012277 
1 0.469190 0.399554 0.031690 0.022321 
1 0.799296 0.472656 0.058099 0.013393 
1 0.757042 0.472656 0.035211 0.022321 
1 0.132042 0.517299 0.065141 0.013393 
1 0.082746 0.517299 0.042254 0.026786 
1 0.271127 0.537946 0.066901 0.013393 
1 0.228873 0.537946 0.026408 0.021205 
1 0.236796 0.545201 0.065141 0.013393 
1 0.191021 0.545201 0.035211 0.022321 
1 0.823944 0.591518 0.035211 0.022321 
0 0.366197 0.636161 0.042254 0.026786 
1 0.163732 0.656808 0.040493 0.026786 
1 0.550176 0.751674 0.065141 0.013393 
1 0.507923 0.751674 0.028169 0.020089 
0 0.145246 0.818080 0.028169 0.022321 
1 0.667253 0.871652 0.091549 0.012277 
1 0.612676 0.871652 0.026408 0.021205 
