1 0.492958 0.162946 0.063380 0.013393 
1 0.446303 0.162946 0.038732 0.026786 
1 0.102113 0.215960 0.029930 0.012277 
1 0.075704 0.215960 0.031690 0.022321 
1 0.301937 0.221540 0.035211 0.022321 
1 0.360035 0.237165 0.044014 0.034598 
1 0.632923 0.251674 0.036972 0.023438 
1 0.469190 0.254464 0.031690 0.022321 
1 0.900528 0.260603 0.091549 0.013393 
1 0.844190 0.260603 0.029930 0.021205 
0 0.662852 0.321429 0.091549 0.014509 
0 0.600352 0.321429 0.042254 0.026786 
1 0.421655 0.325335 0.026408 0.021205 
1 0.830986 0.354353 0.036972 0.023438 
1 0.168134 0.466518 0.089789 0.014509 
1 0.111796 0.466518 0.029930 0.021205 
1 0.151408 0.490513 0.031690 0.022321 
1 0.545775 0.573103 0.058099 0.013393 
1 0.503521 0.573103 0.035211 0.022321 
1 0.422535 0.579241 0.035211 0.013393 
1 0.388204 0.579241 0.042254 0.026786 
1 0.763204 0.592634 0.028169 0.022321 
1 0.189261 0.614397 0.035211 0.022321 
1 0.673415 0.704799 0.036972 0.023438 
1 0.382042 0.809152 0.065141 0.012277 
1 0.186620 0.805804 0.033451 0.022321 
1 0.339789 0.809152 0.028169 0.022321 
