0 0.335387 0.007254 0.091549 0.012277 
1 0.275528 0.015625 0.036972 0.030692 
0 0.335387 0.226562 0.065141 0.013393 
1 0.288732 0.226562 0.036972 0.029576 
1 0.687500 0.280692 0.035211 0.022321 
1 0.802817 0.310826 0.029930 0.021205 
1 0.532570 0.327567 0.042254 0.026786 
1 0.088028 0.376674 0.038732 0.033482 
0 0.627641 0.532366 0.065141 0.013393 
1 0.581866 0.532366 0.035211 0.022321 
1 0.968310 0.638393 0.039613 0.025112 
0 0.174296 0.811942 0.061620 0.012277 
1 0.128521 0.811384 0.036972 0.029576 
