1 0.659331 0.010045 0.063380 0.014509 
1 0.618838 0.010603 0.026408 0.021205 
1 0.240317 0.058036 0.042254 0.026786 
1 0.713028 0.111607 0.063380 0.013393 
1 0.664613 0.111607 0.042254 0.026786 
1 0.435739 0.191406 0.066901 0.013393 
1 0.391725 0.191406 0.029930 0.021205 
1 0.493838 0.217076 0.061620 0.011161 
1 0.451585 0.217076 0.031690 0.022321 
0 0.734155 0.304688 0.033451 0.021205 
1 0.658451 0.311942 0.056338 0.011161 
1 0.612676 0.311942 0.044014 0.034598 
1 0.147887 0.376674 0.036972 0.023438 
1 0.851232 0.417411 0.029930 0.021205 
1 0.339789 0.481585 0.063380 0.013393 
1 0.294894 0.481585 0.035211 0.022321 
1 0.098592 0.498326 0.040493 0.026786 
1 0.191021 0.534040 0.029930 0.012277 
1 0.166373 0.534040 0.028169 0.022321 
1 0.619718 0.543527 0.093310 0.013393 
1 0.556338 0.543527 0.042254 0.026786 
1 0.620599 0.573661 0.033451 0.013393 
1 0.593310 0.573661 0.029930 0.021205 
1 0.690141 0.603795 0.042254 0.026786 
1 0.345070 0.681920 0.035211 0.012277 
1 0.311620 0.681920 0.040493 0.026786 
0 0.647007 0.691406 0.028169 0.022321 
