1 0.385563 0.103237 0.091549 0.012277 
1 0.329225 0.103237 0.029930 0.021205 
1 0.972711 0.251674 0.028169 0.022321 
1 0.275528 0.257254 0.063380 0.013393 
1 0.136444 0.257254 0.026408 0.021205 
1 0.227993 0.257254 0.040493 0.026786 
1 0.866197 0.310826 0.033451 0.012277 
1 0.836268 0.310826 0.035211 0.022321 
1 0.194542 0.369978 0.035211 0.022321 
1 0.717430 0.373326 0.028169 0.020089 
1 0.733275 0.520089 0.029930 0.021205 
1 0.537852 0.547991 0.036972 0.029018 
1 0.402289 0.573661 0.028169 0.022321 
1 0.260563 0.580915 0.044014 0.034598 
1 0.956866 0.646763 0.063380 0.012277 
1 0.915493 0.646763 0.028169 0.020089 
1 0.764085 0.669085 0.063380 0.013393 
1 0.722711 0.669085 0.028169 0.020089 
1 0.353873 0.704799 0.028169 0.020089 
