0 0.544894 0.194196 0.031690 0.009487 
1 0.519366 0.194196 0.030810 0.020647 
0 0.850352 0.321987 0.033451 0.012277 
1 0.823063 0.321429 0.029930 0.020647 
1 0.556338 0.325893 0.032570 0.020647 
1 0.545775 0.352679 0.030810 0.020647 
1 0.953345 0.398438 0.038732 0.025112 
0 0.897887 0.512277 0.085387 0.009487 
1 0.845070 0.511719 0.028169 0.020089 
1 0.598592 0.542969 0.036972 0.023438 
1 0.625880 0.602121 0.035211 0.022321 
1 0.704225 0.659040 0.032570 0.021205 
0 0.656690 0.666853 0.063380 0.014509 
1 0.614437 0.666853 0.029930 0.021205 
1 0.521127 0.698661 0.029049 0.020089 
