0 0.353873 0.084821 0.026408 0.021205 
1 0.927817 0.103237 0.044014 0.034598 
1 0.891725 0.182478 0.091549 0.012277 
1 0.829225 0.182478 0.042254 0.026786 
1 0.599472 0.258929 0.061620 0.013393 
1 0.558979 0.258929 0.026408 0.021205 
1 0.308979 0.268415 0.095070 0.012277 
1 0.252641 0.268415 0.026408 0.021205 
1 0.642606 0.276786 0.038732 0.026786 
1 0.257923 0.310826 0.061620 0.011161 
1 0.212148 0.310826 0.038732 0.026786 
1 0.390845 0.324777 0.042254 0.026786 
1 0.058979 0.340960 0.063380 0.013393 
1 0.018486 0.340960 0.036972 0.023438 
1 0.218310 0.368862 0.093310 0.013393 
1 0.157570 0.368862 0.036972 0.029018 
1 0.316901 0.392857 0.033451 0.012277 
1 0.286092 0.392857 0.036972 0.023438 
1 0.146127 0.483259 0.031690 0.022321 
1 0.869718 0.493862 0.033451 0.012277 
1 0.838908 0.493862 0.036972 0.023438 
1 0.264085 0.558036 0.040493 0.026786 
1 0.611796 0.654018 0.028169 0.020089 
1 0.960387 0.650112 0.044014 0.034598 
1 0.690141 0.688616 0.063380 0.014509 
1 0.643486 0.688616 0.038732 0.026786 
1 0.262324 0.686384 0.044014 0.034598 
