0 0.894366 0.078125 0.061620 0.012277 
0 0.852113 0.078125 0.031690 0.022321 
1 0.045775 0.094866 0.063380 0.012277 
1 0.019366 0.094866 0.038732 0.026786 
1 0.677817 0.106027 0.028169 0.020089 
0 0.347711 0.111607 0.042254 0.026786 
1 0.530810 0.200335 0.035211 0.022321 
1 0.869718 0.215960 0.036972 0.023438 
1 0.360035 0.224888 0.033451 0.022321 
1 0.289613 0.236607 0.089789 0.012277 
1 0.234155 0.236607 0.029930 0.021205 
1 0.186620 0.295201 0.065141 0.012277 
1 0.141725 0.295201 0.033451 0.022321 
1 0.810739 0.316964 0.038732 0.026786 
0 0.031690 0.358259 0.040493 0.025670 
1 0.422535 0.367188 0.040493 0.026786 
1 0.150528 0.506138 0.035211 0.022321 
1 0.411092 0.507254 0.033451 0.022321 
1 0.247359 0.512835 0.038732 0.026786 
1 0.036092 0.602679 0.028169 0.022321 
1 0.463028 0.657924 0.029930 0.021205 
1 0.698944 0.663504 0.036972 0.023438 
1 0.143486 0.761161 0.028169 0.020089 
