0 0.985915 0.210938 0.027289 0.013393 
1 0.962148 0.210938 0.029930 0.021205 
0 0.888204 0.278460 0.065141 0.013393 
1 0.841549 0.279018 0.036972 0.029576 
0 0.783451 0.481027 0.091549 0.012277 
1 0.725352 0.481027 0.034331 0.030134 
1 0.241197 0.494420 0.040493 0.025670 
1 0.195423 0.516741 0.028169 0.020647 
1 0.085387 0.536830 0.036972 0.029576 
0 0.495599 0.568638 0.091549 0.012277 
1 0.434859 0.568638 0.037852 0.032366 
1 0.246479 0.619420 0.036092 0.032366 
1 0.098592 0.709821 0.030810 0.020089 
