1 0.707747 0.095424 0.063380 0.011161 
1 0.665493 0.095424 0.029930 0.021205 
1 0.756162 0.097656 0.026408 0.021205 
1 0.707747 0.136161 0.061620 0.013393 
1 0.659331 0.136161 0.044014 0.034598 
0 0.622359 0.164062 0.028169 0.020089 
1 0.470070 0.175223 0.036972 0.029018 
1 0.760563 0.195871 0.063380 0.013393 
1 0.715669 0.195871 0.035211 0.022321 
1 0.838028 0.335379 0.044014 0.034598 
1 0.880282 0.348214 0.040493 0.026786 
1 0.744718 0.353237 0.026408 0.021205 
1 0.782570 0.357143 0.033451 0.022321 
0 0.185739 0.383371 0.063380 0.012277 
0 0.145246 0.383371 0.026408 0.021205 
1 0.708627 0.402344 0.063380 0.012277 
1 0.666373 0.402344 0.028169 0.022321 
1 0.971831 0.481027 0.055458 0.012277 
1 0.934859 0.481027 0.028169 0.020089 
1 0.508803 0.481585 0.028169 0.022321 
1 0.316901 0.493862 0.026408 0.021205 
1 0.291373 0.529576 0.093310 0.012277 
1 0.233275 0.529576 0.031690 0.022321 
1 0.636444 0.553013 0.031690 0.022321 
1 0.057218 0.589286 0.063380 0.014509 
1 0.019366 0.589286 0.038732 0.026786 
1 0.242958 0.603795 0.063380 0.011161 
1 0.197183 0.603795 0.036972 0.029018 
1 0.617077 0.634487 0.028169 0.022321 
1 0.321303 0.650112 0.035211 0.012277 
1 0.289613 0.650112 0.036972 0.023438 
1 0.977993 0.651786 0.029930 0.021205 
1 0.566021 0.688058 0.044014 0.034598 
1 0.104754 0.825335 0.042254 0.026786 
