1 0.630282 0.033482 0.030810 0.020647 
0 0.600352 0.215402 0.063380 0.013393 
1 0.553697 0.215402 0.038732 0.026786 
0 0.496479 0.273438 0.087148 0.010045 
1 0.440141 0.273438 0.032570 0.020647 
1 0.799296 0.275112 0.032570 0.021205 
0 0.640845 0.324777 0.033451 0.011161 
1 0.614437 0.324777 0.028169 0.020647 
0 0.800176 0.340402 0.059859 0.010045 
1 0.758803 0.340402 0.034331 0.031808 
0 0.597711 0.537946 0.035211 0.012277 
1 0.564261 0.537946 0.038732 0.033482 
1 0.249120 0.577567 0.040493 0.025670 
1 0.432218 0.608817 0.040493 0.025670 
1 0.911972 0.814732 0.030810 0.020647 
