1 0.523768 0.116071 0.038732 0.025112 
0 0.740317 0.241071 0.088028 0.010603 
1 0.684859 0.241071 0.032570 0.021205 
0 0.844190 0.271205 0.093310 0.012277 
1 0.786972 0.271205 0.029930 0.020647 
0 0.257042 0.376674 0.033451 0.011161 
1 0.228873 0.377232 0.034331 0.031808 
0 0.703345 0.633371 0.063380 0.011161 
1 0.661972 0.632812 0.030810 0.020647 
1 0.580106 0.669643 0.029930 0.020647 
1 0.925176 0.683036 0.036972 0.029576 
0 0.341549 0.705357 0.058979 0.009487 
1 0.301056 0.705357 0.032570 0.020647 
0 0.400528 0.756138 0.093310 0.013393 
1 0.343310 0.756696 0.029930 0.020647 
