0 0.228873 0.248326 0.061620 0.012277 
1 0.182218 0.248326 0.040493 0.026786 
0 0.235915 0.381696 0.091549 0.013393 
1 0.179577 0.381696 0.030810 0.020647 
0 0.745599 0.514509 0.063380 0.013393 
1 0.701585 0.514509 0.033451 0.022321 
1 0.214789 0.516741 0.029930 0.021205 
0 0.284331 0.534598 0.089789 0.012277 
1 0.225352 0.534598 0.037852 0.029018 
0 0.653169 0.560268 0.035211 0.010045 
1 0.625000 0.560268 0.030810 0.021205 
0 0.878521 0.567522 0.089789 0.012277 
0 0.217430 0.568638 0.063380 0.013393 
1 0.816901 0.567522 0.042254 0.026786 
1 0.172535 0.568080 0.037852 0.032924 
1 0.857394 0.791295 0.041373 0.025112 
1 0.633803 0.833705 0.029930 0.020647 
1 0.228873 0.858817 0.041373 0.025670 
