1 0.772007 0.083147 0.031690 0.021205 
0 0.786972 0.257812 0.059859 0.010603 
1 0.741197 0.257812 0.040493 0.026786 
0 0.849472 0.310268 0.033451 0.011161 
1 0.822183 0.310268 0.028169 0.020089 
1 0.523768 0.323661 0.029930 0.020647 
0 0.734155 0.424107 0.059859 0.010045 
1 0.693662 0.424107 0.032570 0.020647 
1 0.194542 0.444196 0.040493 0.025112 
1 0.301937 0.544085 0.029930 0.021205 
1 0.418134 0.569196 0.035211 0.032924 
0 0.113556 0.679688 0.035211 0.012277 
1 0.084507 0.679688 0.031690 0.022879 
0 0.925176 0.717634 0.056338 0.011161 
1 0.879401 0.717634 0.044014 0.034598 
