1 0.526408 0.146763 0.041373 0.025670 
1 0.553697 0.318638 0.031690 0.022321 
0 0.731514 0.325335 0.093310 0.013393 
1 0.674296 0.325335 0.032570 0.021205 
0 0.818662 0.365513 0.058099 0.010045 
1 0.773768 0.365513 0.040493 0.025670 
0 0.230634 0.426339 0.061620 0.012277 
1 0.183979 0.426339 0.040493 0.025670 
1 0.855634 0.487165 0.031690 0.022321 
0 0.426056 0.569196 0.065141 0.013393 
1 0.378521 0.569196 0.039613 0.025112 
0 0.547535 0.672991 0.060739 0.010603 
1 0.507042 0.672991 0.030810 0.020647 
1 0.387324 0.675223 0.031690 0.021763 
1 0.018486 0.843750 0.036972 0.030692 
