0 0.602113 0.090402 0.063380 0.012277 
1 0.554577 0.090402 0.041373 0.025670 
0 0.707747 0.146205 0.085387 0.011161 
1 0.647887 0.146205 0.041373 0.025670 
0 0.598592 0.237165 0.091549 0.013393 
1 0.542253 0.236607 0.030810 0.020647 
1 0.543134 0.306362 0.026408 0.021205 
1 0.786092 0.329241 0.029930 0.020647 
1 0.542253 0.482701 0.040493 0.025670 
0 0.820423 0.587054 0.058099 0.010603 
1 0.774648 0.587612 0.042254 0.026786 
1 0.352113 0.603795 0.033451 0.022321 
1 0.700704 0.790179 0.041373 0.034040 
