1 0.862676 0.072545 0.038732 0.033482 
1 0.799296 0.080915 0.032570 0.022321 
0 0.279049 0.181362 0.084507 0.011161 
1 0.224472 0.181920 0.031690 0.021763 
1 0.697183 0.192522 0.028169 0.020089 
0 0.820423 0.209821 0.063380 0.011161 
1 0.595070 0.205357 0.036972 0.030134 
1 0.774648 0.209821 0.036092 0.032366 
0 0.272887 0.355469 0.087148 0.011161 
1 0.218310 0.354911 0.032570 0.021763 
1 0.364437 0.593192 0.032570 0.021205 
1 0.424296 0.633929 0.034331 0.031808 
1 0.310739 0.835938 0.040493 0.025670 
