1 0.161092 0.012277 0.042254 0.024554 
0 0.827465 0.085938 0.061620 0.013393 
1 0.786972 0.085938 0.030810 0.020089 
1 0.475352 0.095982 0.037852 0.029018 
1 0.919894 0.207031 0.026408 0.021205 
1 0.197183 0.265625 0.041373 0.025112 
1 0.427817 0.291295 0.032570 0.020647 
0 0.286092 0.320312 0.088028 0.010603 
1 0.230634 0.319754 0.029930 0.021205 
1 0.635563 0.529576 0.041373 0.025670 
0 0.540493 0.575335 0.033451 0.011161 
1 0.507042 0.575335 0.042254 0.026786 
0 0.180458 0.606585 0.058099 0.013393 
1 0.137324 0.606585 0.039613 0.033482 
0 0.325704 0.686384 0.065141 0.013393 
1 0.276408 0.686384 0.041373 0.025112 
