0 0.479754 0.137835 0.035211 0.013393 
1 0.448944 0.137835 0.033451 0.022321 
1 0.973592 0.195871 0.029930 0.021205 
1 0.217430 0.214286 0.031690 0.022321 
0 0.165493 0.268415 0.066901 0.013393 
1 0.117958 0.267857 0.036972 0.029576 
0 0.056338 0.326451 0.087148 0.010045 
1 0.018486 0.327009 0.036972 0.029576 
1 0.306338 0.483259 0.031690 0.021205 
1 0.869718 0.522879 0.032570 0.022321 
0 0.923415 0.670759 0.065141 0.013393 
1 0.880282 0.670759 0.029930 0.020647 
0 0.045775 0.727679 0.059859 0.010045 
1 0.014085 0.727679 0.028169 0.020089 
0 0.816021 0.816406 0.033451 0.008929 
1 0.789613 0.816406 0.028169 0.020089 
