1 0.521127 0.104911 0.032570 0.020647 
1 0.301937 0.171875 0.040493 0.026786 
0 0.620599 0.220982 0.089789 0.012277 
1 0.559859 0.220982 0.041373 0.025112 
0 0.632042 0.281808 0.033451 0.012277 
1 0.603873 0.281808 0.034331 0.030134 
0 0.658451 0.292411 0.087148 0.011161 
1 0.604753 0.292411 0.029930 0.020647 
0 0.375000 0.370536 0.059859 0.010603 
1 0.332746 0.371094 0.031690 0.022321 
0 0.491197 0.576451 0.035211 0.013393 
1 0.459507 0.576451 0.037852 0.029018 
1 0.630282 0.611607 0.039613 0.025670 
1 0.544014 0.694754 0.028169 0.020089 
0 0.267606 0.811942 0.063380 0.011161 
1 0.220070 0.811942 0.039613 0.025670 
