1 0.473592 0.123884 0.030810 0.020647 
1 0.852113 0.177455 0.036972 0.029576 
1 0.070423 0.243862 0.041373 0.025670 
1 0.260563 0.289062 0.036972 0.030134 
1 0.792253 0.339286 0.035211 0.032924 
0 0.323063 0.354911 0.033451 0.013393 
1 0.290493 0.354911 0.039613 0.025670 
1 0.332746 0.458147 0.037852 0.032366 
0 0.417254 0.559710 0.036092 0.010045 
1 0.389085 0.559710 0.028169 0.022321 
0 0.838028 0.584263 0.093310 0.012277 
1 0.774648 0.584263 0.040493 0.025670 
0 0.883803 0.594308 0.084507 0.011161 
1 0.827465 0.594308 0.037852 0.029018 
