1 0.137324 0.090402 0.036972 0.029018 
0 0.311620 0.105469 0.058979 0.010045 
1 0.269366 0.105469 0.036092 0.032366 
1 0.200704 0.207031 0.028169 0.020089 
0 0.595070 0.257254 0.063380 0.013393 
1 0.551056 0.256696 0.032570 0.021763 
0 0.262324 0.542411 0.065141 0.012277 
1 0.219190 0.542411 0.029930 0.021205 
0 0.286092 0.641183 0.063380 0.014509 
1 0.242958 0.641183 0.031690 0.022321 
1 0.569542 0.656250 0.040493 0.025670 
0 0.225352 0.666853 0.063380 0.011161 
1 0.177817 0.666853 0.039613 0.025670 
1 0.336268 0.674107 0.031690 0.021205 
1 0.823063 0.813616 0.028169 0.020647 
