0 0.290493 0.283482 0.034331 0.008929 
1 0.254401 0.283482 0.044014 0.034598 
1 0.839789 0.367188 0.037852 0.029018 
1 0.533451 0.375000 0.029049 0.020089 
1 0.966549 0.436384 0.041373 0.034040 
0 0.860915 0.502232 0.058099 0.013393 
1 0.822183 0.502232 0.028169 0.022321 
0 0.500880 0.559152 0.093310 0.013393 
1 0.336268 0.561384 0.040493 0.025112 
1 0.436620 0.559152 0.044014 0.034598 
1 0.731514 0.585379 0.040493 0.026786 
0 0.665493 0.625000 0.060739 0.010603 
1 0.620599 0.625558 0.036972 0.030134 
1 0.086268 0.693080 0.030810 0.020647 
1 0.690141 0.712054 0.041373 0.034040 
