0 0.151408 0.053571 0.033451 0.012277 
1 0.117077 0.053571 0.044014 0.034598 
0 0.337148 0.138951 0.059859 0.012277 
1 0.292254 0.139509 0.038732 0.025112 
0 0.859155 0.256696 0.058979 0.010045 
1 0.813380 0.256696 0.041373 0.025112 
1 0.463908 0.265625 0.038732 0.026786 
1 0.259683 0.299665 0.026408 0.021205 
0 0.264085 0.544643 0.058099 0.013393 
1 0.225352 0.544643 0.030810 0.020647 
1 0.322183 0.729911 0.037852 0.029018 
1 0.787852 0.788504 0.028169 0.020089 
1 0.198063 0.810268 0.029930 0.021205 
