0 0.772007 0.021205 0.063380 0.013393 
1 0.728873 0.021205 0.031690 0.021763 
1 0.029930 0.188616 0.036972 0.029576 
1 0.730634 0.329799 0.028169 0.022321 
1 0.639965 0.363839 0.036972 0.030134 
0 0.715669 0.490513 0.061620 0.013393 
1 0.668134 0.490513 0.042254 0.024554 
1 0.859155 0.561384 0.029930 0.020647 
1 0.687500 0.565848 0.036972 0.032366 
0 0.645247 0.642857 0.063380 0.013393 
1 0.599472 0.642857 0.036972 0.029576 
0 0.314261 0.844308 0.056338 0.011161 
1 0.271127 0.844308 0.038732 0.033482 
