0 0.982394 0.045201 0.033451 0.013393 
1 0.954225 0.045201 0.031690 0.022321 
0 0.900528 0.146205 0.031690 0.009487 
1 0.868838 0.146205 0.040493 0.025670 
0 0.390845 0.165737 0.093310 0.013393 
1 0.332746 0.165179 0.030810 0.020647 
0 0.917253 0.290179 0.060739 0.010603 
1 0.875880 0.289621 0.029930 0.021205 
0 0.479754 0.304129 0.065141 0.013393 
1 0.436620 0.304129 0.029930 0.021205 
0 0.121479 0.563058 0.088028 0.011161 
1 0.065141 0.563058 0.034331 0.030134 
1 0.304577 0.633371 0.037852 0.032366 
