1 0.163732 0.131138 0.032570 0.021205 
1 0.468310 0.221540 0.041373 0.025670 
1 0.253521 0.245536 0.034331 0.031808 
1 0.158451 0.328683 0.029930 0.021205 
1 0.419014 0.410156 0.037852 0.029018 
1 0.045775 0.412946 0.037852 0.032366 
0 0.746479 0.545201 0.063380 0.013393 
0 0.677817 0.554129 0.087148 0.010045 
1 0.699824 0.545201 0.038732 0.033482 
1 0.621479 0.554129 0.034331 0.030134 
1 0.471831 0.573661 0.030810 0.020647 
1 0.860035 0.617188 0.028169 0.020647 
0 0.152289 0.678571 0.063380 0.013393 
1 0.110035 0.678571 0.029930 0.020647 
0 0.061620 0.705915 0.059859 0.010045 
1 0.022007 0.705915 0.028169 0.020089 
