0 0.661972 0.166295 0.063380 0.014509 
1 0.615317 0.166295 0.038732 0.026786 
0 0.103873 0.261719 0.063380 0.012277 
1 0.056338 0.261161 0.040493 0.025112 
0 0.816901 0.330915 0.095070 0.012277 
1 0.757042 0.330915 0.034331 0.030134 
1 0.773768 0.507812 0.042254 0.026786 
0 0.555458 0.534598 0.033451 0.012277 
1 0.528169 0.534598 0.032570 0.021205 
0 0.765845 0.543527 0.065141 0.013393 
1 0.898768 0.539621 0.036972 0.029018 
1 0.715669 0.543527 0.044014 0.034598 
0 0.272007 0.591518 0.063380 0.014509 
1 0.227993 0.591518 0.031690 0.021205 
0 0.545775 0.611607 0.058099 0.010603 
1 0.502641 0.611607 0.036972 0.030692 
1 0.309859 0.685268 0.037852 0.032366 
