0 0.582747 0.003348 0.035211 0.006696 
1 0.554577 0.010603 0.029930 0.021205 
0 0.727113 0.160156 0.084507 0.011161 
1 0.669014 0.160714 0.040493 0.025112 
0 0.921655 0.262835 0.063380 0.014509 
1 0.875000 0.262835 0.039613 0.033482 
0 0.897887 0.512835 0.087148 0.010045 
1 0.841549 0.512835 0.032570 0.022321 
1 0.429577 0.572545 0.032570 0.021763 
1 0.512324 0.617188 0.037852 0.032366 
0 0.239437 0.659040 0.065141 0.013393 
1 0.191021 0.659040 0.040493 0.025670 
0 0.588028 0.745536 0.035211 0.012277 
1 0.559859 0.745536 0.032570 0.021763 
1 0.681338 0.864955 0.037852 0.032924 
