0 0.757923 0.008929 0.063380 0.013393 
1 0.712148 0.015067 0.036972 0.030134 
0 0.137324 0.315290 0.034331 0.008929 
1 0.109155 0.314732 0.032570 0.020647 
1 0.196303 0.320871 0.028169 0.022321 
1 0.191901 0.431920 0.029930 0.020647 
1 0.064261 0.494978 0.031690 0.022321 
0 0.345070 0.520647 0.093310 0.012277 
1 0.283451 0.520647 0.037852 0.032366 
1 0.792253 0.591518 0.031690 0.022879 
0 0.135563 0.688058 0.085387 0.011161 
1 0.077465 0.688058 0.037852 0.029018 
1 0.814261 0.801339 0.035211 0.022321 
