0 0.319542 0.164621 0.091549 0.012277 
1 0.257923 0.164621 0.040493 0.032366 
0 0.275528 0.319754 0.061620 0.012277 
1 0.230634 0.319754 0.037852 0.032366 
1 0.175176 0.344308 0.036972 0.030134 
0 0.419014 0.392299 0.033451 0.012277 
1 0.388204 0.392299 0.036972 0.029018 
0 0.966549 0.417411 0.066901 0.012835 
1 0.920775 0.416853 0.031690 0.021205 
0 0.230634 0.445312 0.059859 0.010603 
1 0.188380 0.445871 0.034331 0.030134 
0 0.822183 0.527902 0.063380 0.014509 
1 0.776408 0.527902 0.036972 0.029018 
0 0.975352 0.780134 0.049296 0.012277 
1 0.934859 0.780134 0.040493 0.025670 
