0 0.403169 0.028460 0.088028 0.012277 
1 0.348592 0.028460 0.029930 0.021205 
1 0.045775 0.055804 0.039613 0.025112 
1 0.802817 0.222098 0.028169 0.020647 
0 0.850352 0.445312 0.066901 0.013393 
1 0.804577 0.445312 0.032570 0.021763 
0 0.500000 0.574777 0.085387 0.009487 
1 0.438380 0.574777 0.044014 0.034598 
0 0.555458 0.655134 0.063380 0.013393 
1 0.513204 0.655134 0.029930 0.021205 
0 0.930458 0.781250 0.033451 0.011161 
1 0.904049 0.781250 0.028169 0.020089 
1 0.149648 0.833705 0.029930 0.020647 
