1 0.632042 0.121652 0.032570 0.022321 
0 0.434859 0.238839 0.060739 0.010603 
1 0.389085 0.239397 0.039613 0.033482 
0 0.490317 0.306920 0.061620 0.013393 
1 0.445423 0.306920 0.037852 0.029018 
0 0.853873 0.327567 0.035211 0.013393 
1 0.825704 0.327567 0.029930 0.021205 
0 0.821303 0.506138 0.061620 0.014509 
1 0.774648 0.506138 0.040493 0.032366 
0 0.248239 0.551339 0.088028 0.012835 
1 0.846831 0.547433 0.029930 0.021205 
1 0.193662 0.551339 0.029930 0.021205 
1 0.132923 0.825335 0.040493 0.025670 
