1 0.375000 0.063616 0.032570 0.020647 
1 0.693662 0.117188 0.031690 0.022879 
1 0.801056 0.200893 0.036972 0.029576 
1 0.154930 0.247768 0.030810 0.020089 
0 0.568662 0.297433 0.084507 0.011161 
1 0.512324 0.296875 0.036972 0.030692 
0 0.497359 0.396205 0.035211 0.010045 
1 0.584507 0.393973 0.036972 0.029576 
1 0.464789 0.396205 0.037852 0.032924 
1 0.859155 0.526228 0.037852 0.029018 
0 0.173415 0.556362 0.061620 0.013393 
1 0.127641 0.556362 0.038732 0.033482 
0 0.668134 0.689174 0.093310 0.013393 
1 0.603873 0.689174 0.042254 0.026786 
0 0.559859 0.700893 0.093310 0.012277 
1 0.496479 0.700893 0.040493 0.025670 
