1 0.423415 0.167411 0.038732 0.033482 
1 0.630282 0.252232 0.031690 0.021763 
0 0.373239 0.361607 0.066021 0.013393 
1 0.323944 0.361607 0.041373 0.025112 
0 0.497359 0.417411 0.063380 0.013393 
1 0.450704 0.417411 0.039613 0.033482 
1 0.473592 0.477121 0.036972 0.030134 
0 0.818662 0.494978 0.056338 0.011161 
1 0.779930 0.494978 0.029930 0.021205 
0 0.424296 0.575893 0.034331 0.010603 
1 0.396127 0.575893 0.030810 0.020647 
0 0.739437 0.579799 0.061620 0.014509 
1 0.692782 0.579241 0.040493 0.025112 
