0 0.470070 0.208705 0.033451 0.011161 
1 0.437500 0.208705 0.040493 0.025670 
1 0.623239 0.224330 0.037852 0.032924 
0 0.482394 0.253348 0.034331 0.009487 
1 0.450704 0.253348 0.036972 0.030692 
1 0.078345 0.290179 0.028169 0.020089 
0 0.646127 0.324219 0.061620 0.013393 
1 0.604753 0.323661 0.029930 0.020647 
0 0.821303 0.446429 0.084507 0.011161 
1 0.764085 0.446429 0.038732 0.026786 
1 0.802817 0.552455 0.040493 0.025670 
0 0.375880 0.618862 0.033451 0.011161 
1 0.343310 0.618304 0.041373 0.034040 
1 0.375000 0.710938 0.029049 0.020089 
0 0.603873 0.747768 0.065141 0.012277 
1 0.556338 0.747768 0.039613 0.025112 
