0 0.201585 0.256696 0.065141 0.012277 
0 0.825704 0.257812 0.065141 0.014509 
1 0.779049 0.257812 0.036972 0.029576 
1 0.154930 0.256696 0.037852 0.032366 
0 0.443662 0.328125 0.063380 0.012277 
1 0.394366 0.328125 0.044014 0.034598 
0 0.886444 0.347098 0.059859 0.010603 
1 0.842430 0.347098 0.036972 0.030692 
0 0.363556 0.460379 0.033451 0.012277 
1 0.336268 0.460379 0.029930 0.021205 
1 0.860035 0.468750 0.031690 0.022321 
0 0.485915 0.565848 0.063380 0.013393 
1 0.440141 0.565848 0.036972 0.032366 
0 0.745599 0.636719 0.035211 0.012277 
1 0.716549 0.637277 0.031690 0.021763 
1 0.198944 0.860491 0.030810 0.020647 
