0 0.044014 0.239955 0.033451 0.010045 
1 0.015845 0.239955 0.031690 0.022321 
1 0.803697 0.322545 0.031690 0.021763 
0 0.500880 0.383929 0.084507 0.011161 
1 0.447183 0.383929 0.030810 0.020647 
1 0.144366 0.457031 0.041373 0.025670 
0 0.759683 0.531808 0.056338 0.011161 
1 0.720070 0.531808 0.031690 0.021205 
1 0.544014 0.557478 0.035211 0.022321 
1 0.730634 0.566964 0.044014 0.034598 
1 0.690141 0.609375 0.038732 0.033482 
0 0.562500 0.645647 0.093310 0.013393 
1 0.501761 0.645647 0.039613 0.025670 
