1 0.801056 0.273438 0.041373 0.034040 
1 0.399648 0.281250 0.028169 0.020089 
0 0.667253 0.287946 0.061620 0.013393 
1 0.621479 0.287946 0.038732 0.033482 
0 0.542253 0.305246 0.061620 0.012277 
1 0.500880 0.305246 0.029930 0.021205 
1 0.860035 0.442522 0.029930 0.021205 
1 0.143486 0.478795 0.036972 0.030134 
1 0.207746 0.501116 0.036972 0.029576 
0 0.411092 0.648996 0.096831 0.014509 
1 0.350352 0.648996 0.032570 0.022321 
0 0.498239 0.741629 0.034331 0.008929 
1 0.469190 0.741629 0.029930 0.021205 
