0 0.445423 0.131696 0.091549 0.012277 
1 0.385563 0.131696 0.036972 0.029018 
0 0.843310 0.251674 0.087148 0.010045 
1 0.783451 0.251674 0.040493 0.025670 
0 0.603873 0.261719 0.061620 0.014509 
1 0.561620 0.261161 0.034331 0.031808 
1 0.975352 0.308036 0.037852 0.029018 
1 0.904930 0.333705 0.037852 0.032924 
0 0.572183 0.595982 0.061620 0.012277 
1 0.529049 0.595982 0.033451 0.022321 
1 0.147007 0.602121 0.029930 0.021205 
1 0.382042 0.608259 0.036972 0.029018 
0 0.974472 0.626674 0.051056 0.014509 
1 0.938380 0.626674 0.029930 0.021205 
1 0.730634 0.655134 0.030810 0.020647 
1 0.735915 0.797991 0.039613 0.033482 
1 0.152289 0.845982 0.040493 0.025670 
