1 0.478873 0.156250 0.039613 0.025670 
1 0.695423 0.164621 0.042254 0.024554 
1 0.541373 0.233259 0.035211 0.032924 
0 0.759683 0.266183 0.063380 0.013393 
1 0.712148 0.266183 0.040493 0.032366 
0 0.952465 0.288504 0.058979 0.010045 
1 0.913732 0.288504 0.026408 0.021205 
0 0.717430 0.294643 0.056338 0.011161 
1 0.677817 0.294643 0.030810 0.020089 
0 0.765845 0.465402 0.063380 0.012277 
1 0.723592 0.465402 0.029930 0.020647 
1 0.683979 0.523438 0.029930 0.021205 
1 0.046655 0.690290 0.040493 0.025670 
0 0.330106 0.721540 0.063380 0.014509 
1 0.283451 0.721540 0.038732 0.033482 
