0 0.112676 0.020647 0.063380 0.013393 
1 0.066021 0.020647 0.038732 0.026786 
1 0.364437 0.155134 0.030810 0.020647 
0 0.780810 0.366629 0.093310 0.012277 
1 0.720070 0.366629 0.036972 0.023438 
1 0.580986 0.577567 0.040493 0.025670 
0 0.190141 0.616071 0.085387 0.009487 
1 0.264085 0.617188 0.032570 0.020647 
1 0.132042 0.616071 0.041373 0.034040 
0 0.507923 0.680246 0.065141 0.014509 
0 0.666373 0.687500 0.033451 0.009487 
1 0.458627 0.680246 0.042254 0.026786 
1 0.635563 0.687500 0.037852 0.029018 
0 0.783451 0.864397 0.063380 0.013393 
1 0.734155 0.864397 0.044014 0.034598 
