1 0.029930 0.125000 0.036972 0.023438 
1 0.357394 0.242188 0.037852 0.032366 
0 0.237676 0.308594 0.061620 0.013393 
1 0.195423 0.309152 0.030810 0.020647 
1 0.416373 0.309152 0.036972 0.030692 
1 0.409331 0.342634 0.031690 0.021763 
1 0.640845 0.520089 0.032570 0.020647 
1 0.697183 0.566964 0.037852 0.032366 
0 0.595951 0.607143 0.063380 0.014509 
0 0.170775 0.608817 0.087148 0.011161 
1 0.551056 0.607143 0.037852 0.032366 
1 0.111796 0.608817 0.038732 0.033482 
1 0.582747 0.697545 0.033451 0.022321 
