0 0.528169 0.066406 0.033451 0.011161 
1 0.495599 0.066406 0.040493 0.032366 
0 0.863556 0.227679 0.063380 0.013393 
1 0.816021 0.227679 0.040493 0.025670 
1 0.493838 0.320871 0.026408 0.021205 
0 0.886444 0.382812 0.063380 0.012277 
1 0.841549 0.382812 0.036092 0.032366 
0 0.238556 0.453683 0.061620 0.014509 
1 0.195423 0.453683 0.032570 0.022321 
1 0.970951 0.526786 0.029930 0.021205 
1 0.046655 0.546875 0.038732 0.033482 
0 0.272887 0.580357 0.061620 0.011161 
1 0.230634 0.580357 0.030810 0.020647 
1 0.036092 0.664621 0.040493 0.025670 
1 0.169014 0.678571 0.041373 0.025112 
0 0.712148 0.716518 0.063380 0.012277 
1 0.669014 0.716518 0.031690 0.022321 
