1 0.742958 0.101562 0.041373 0.025670 
0 0.874120 0.192522 0.063380 0.011161 
1 0.828345 0.192522 0.036972 0.032366 
0 0.094190 0.280692 0.095070 0.012277 
1 0.035211 0.280692 0.029930 0.021205 
1 0.647007 0.318080 0.044014 0.034598 
0 0.548415 0.409598 0.091549 0.012277 
1 0.491197 0.409598 0.034331 0.030134 
1 0.193662 0.478237 0.028169 0.020089 
0 0.888204 0.526228 0.061620 0.013393 
1 0.840669 0.526228 0.042254 0.024554 
0 0.713028 0.787946 0.034331 0.009487 
1 0.684859 0.787388 0.030810 0.020089 
