0 0.734155 0.085379 0.087148 0.011161 
1 0.676056 0.084821 0.034331 0.031808 
0 0.667253 0.237723 0.058099 0.013393 
1 0.627641 0.237723 0.029930 0.020647 
0 0.509683 0.254464 0.084507 0.011161 
1 0.451585 0.254464 0.040493 0.026786 
1 0.370599 0.300223 0.031690 0.021763 
0 0.209507 0.344308 0.061620 0.013393 
1 0.164613 0.344308 0.036972 0.023438 
1 0.078345 0.364955 0.029930 0.021205 
0 0.656690 0.561384 0.063380 0.013393 
1 0.610915 0.561384 0.036972 0.029576 
0 0.359155 0.674107 0.035211 0.012277 
1 0.327465 0.674107 0.039613 0.025670 
0 0.220070 0.813616 0.060739 0.010603 
1 0.177817 0.813616 0.032570 0.020647 
