0 0.780810 0.058036 0.065141 0.014509 
1 0.733275 0.058036 0.038732 0.026786 
1 0.851232 0.125000 0.040493 0.032366 
1 0.700704 0.243304 0.028169 0.020647 
1 0.380282 0.243304 0.028169 0.022321 
1 0.207746 0.265067 0.038732 0.026786 
0 0.706866 0.275670 0.058099 0.010045 
1 0.664613 0.275670 0.035211 0.022321 
1 0.470070 0.587054 0.040493 0.026786 
0 0.516725 0.604911 0.065141 0.013393 
1 0.466549 0.604911 0.044014 0.034598 
1 0.588908 0.638393 0.040493 0.032366 
0 0.588028 0.716518 0.061620 0.012277 
1 0.547535 0.716518 0.026408 0.021205 
