0 0.753521 0.089286 0.065141 0.014509 
1 0.704225 0.089286 0.042254 0.024554 
0 0.048415 0.120536 0.033451 0.012277 
1 0.018486 0.120536 0.036972 0.029018 
1 0.035211 0.248326 0.029049 0.020089 
0 0.195423 0.293527 0.060739 0.009487 
1 0.153169 0.293527 0.032570 0.021205 
1 0.413732 0.591518 0.037852 0.032366 
0 0.656690 0.616071 0.063380 0.014509 
1 0.613556 0.616071 0.031690 0.021205 
0 0.514085 0.627232 0.091549 0.013393 
1 0.454225 0.627232 0.037852 0.032366 
0 0.884683 0.659040 0.061620 0.013393 
1 0.838028 0.658482 0.040493 0.025112 
