0 0.805458 0.363281 0.035211 0.012277 
1 0.773768 0.363281 0.036972 0.032366 
0 0.486796 0.542411 0.029930 0.012277 
1 0.455106 0.542411 0.042254 0.026786 
1 0.915493 0.560826 0.037852 0.029018 
0 0.108275 0.608259 0.063380 0.011161 
1 0.062500 0.608259 0.036972 0.029576 
0 0.798415 0.620536 0.033451 0.010045 
1 0.770247 0.620536 0.031690 0.021763 
1 0.626761 0.631696 0.040493 0.032366 
1 0.484155 0.645089 0.029049 0.020089 
1 0.871479 0.741071 0.029930 0.020647 
0 0.669894 0.761161 0.091549 0.013393 
1 0.608275 0.761161 0.040493 0.026786 
