1 0.910211 0.012277 0.042254 0.024554 
1 0.450704 0.018973 0.034331 0.030134 
1 0.633803 0.261719 0.029049 0.020089 
0 0.577465 0.288504 0.035211 0.013393 
1 0.544014 0.288504 0.038732 0.026786 
0 0.328345 0.315290 0.058099 0.013393 
1 0.285211 0.315290 0.036972 0.032366 
0 0.480634 0.506696 0.061620 0.012277 
1 0.434859 0.506696 0.039613 0.033482 
0 0.782570 0.554129 0.091549 0.012277 
1 0.725352 0.553571 0.031690 0.022879 
0 0.923415 0.695312 0.063380 0.011161 
1 0.881162 0.695312 0.029930 0.021205 
