1 0.795775 0.276228 0.030810 0.021205 
1 0.733275 0.281808 0.036972 0.023438 
0 0.709507 0.321987 0.063380 0.013393 
1 0.667253 0.321987 0.029930 0.021205 
0 0.252641 0.496094 0.029930 0.012277 
1 0.225352 0.496094 0.033451 0.022321 
0 0.124120 0.520647 0.061620 0.013393 
1 0.080986 0.520647 0.034331 0.030134 
1 0.328345 0.574219 0.040493 0.032366 
0 0.389965 0.622210 0.063380 0.013393 
1 0.346831 0.621652 0.030810 0.020647 
1 0.357394 0.760603 0.031690 0.022321 
1 0.307218 0.854353 0.040493 0.025670 
