1 0.192782 0.194196 0.029930 0.020647 
1 0.433979 0.245536 0.038732 0.026786 
0 0.865317 0.263951 0.065141 0.012277 
1 0.816901 0.263951 0.041373 0.025670 
0 0.548415 0.299107 0.061620 0.012277 
1 0.507042 0.299107 0.028169 0.022321 
1 0.853873 0.366071 0.030810 0.021205 
0 0.211268 0.460938 0.060739 0.010603 
1 0.169894 0.460938 0.029930 0.020647 
1 0.206866 0.510045 0.044014 0.034598 
0 0.248239 0.630022 0.033451 0.010045 
1 0.220951 0.630022 0.029930 0.021205 
0 0.652289 0.891183 0.059859 0.012277 
1 0.607394 0.891183 0.038732 0.026786 
