0 0.179577 0.104353 0.065141 0.013393 
1 0.130282 0.103795 0.041373 0.025112 
1 0.515845 0.122768 0.040493 0.025670 
0 0.459507 0.131138 0.087148 0.010045 
1 0.399648 0.131138 0.039613 0.033482 
1 0.630282 0.148438 0.029930 0.021205 
1 0.469190 0.196429 0.040493 0.025112 
1 0.259683 0.228795 0.031690 0.021763 
1 0.193662 0.393973 0.036972 0.029576 
0 0.821303 0.556920 0.091549 0.013393 
1 0.765845 0.556920 0.028169 0.020089 
1 0.859155 0.593750 0.029930 0.020647 
0 0.550176 0.740513 0.065141 0.012277 
1 0.507042 0.740513 0.030810 0.020089 
0 0.169014 0.785714 0.065141 0.013393 
1 0.122359 0.785714 0.036972 0.029576 
