0 0.177817 0.037946 0.059859 0.010603 
1 0.136444 0.037388 0.031690 0.022321 
1 0.257042 0.242188 0.031690 0.022321 
0 0.117958 0.269531 0.063380 0.013393 
1 0.070423 0.269531 0.041373 0.025670 
0 0.971831 0.359933 0.055458 0.013393 
1 0.927817 0.359933 0.041373 0.025670 
1 0.825704 0.469308 0.034331 0.030134 
0 0.161092 0.507812 0.059859 0.009487 
1 0.117077 0.508371 0.036972 0.032366 
1 0.852993 0.540179 0.040493 0.025670 
0 0.873239 0.620536 0.033451 0.008929 
1 0.843310 0.620536 0.037852 0.029018 
