0 0.198063 0.287388 0.063380 0.012277 
1 0.152289 0.287388 0.036972 0.032366 
0 0.742077 0.318638 0.033451 0.013393 
1 0.709507 0.318638 0.041373 0.025670 
1 0.792253 0.344308 0.042254 0.024554 
1 0.205986 0.369420 0.039613 0.033482 
0 0.226232 0.615513 0.063380 0.011161 
1 0.183099 0.614955 0.031690 0.021763 
1 0.817782 0.635045 0.038732 0.025112 
0 0.907570 0.667411 0.033451 0.010045 
1 0.880282 0.667411 0.029049 0.020089 
1 0.099472 0.678013 0.028169 0.022321 
0 0.537852 0.747210 0.035211 0.013393 
1 0.506162 0.746652 0.036972 0.030692 
1 0.636444 0.920201 0.028169 0.022321 
