0 0.829225 0.208147 0.059859 0.012277 
1 0.788732 0.208705 0.030810 0.020647 
0 0.780810 0.232143 0.059859 0.010603 
1 0.734155 0.231585 0.040493 0.026786 
1 0.628521 0.242746 0.032570 0.021205 
1 0.105634 0.239955 0.036972 0.029576 
1 0.242077 0.315290 0.036972 0.032366 
1 0.741197 0.364955 0.030810 0.020647 
0 0.235035 0.518415 0.058099 0.010045 
1 0.193662 0.518973 0.032570 0.020647 
1 0.751761 0.525112 0.036972 0.030134 
1 0.849472 0.529576 0.040493 0.025670 
1 0.707747 0.565290 0.036972 0.029018 
1 0.311620 0.675781 0.028169 0.020089 
1 0.637324 0.742188 0.030810 0.020647 
