0 0.544014 0.103237 0.065141 0.012277 
1 0.500000 0.103795 0.032570 0.020647 
0 0.221831 0.283482 0.060739 0.009487 
1 0.180458 0.283482 0.031690 0.021205 
1 0.641725 0.289062 0.040493 0.025670 
0 0.507923 0.304129 0.063380 0.013393 
1 0.466549 0.304129 0.029049 0.020089 
0 0.617958 0.336496 0.063380 0.013393 
1 0.574824 0.336496 0.029930 0.021205 
0 0.242958 0.431920 0.059859 0.012277 
1 0.202465 0.431920 0.029930 0.020647 
1 0.806338 0.454799 0.030810 0.021205 
1 0.572183 0.556920 0.040493 0.025112 
0 0.683099 0.579799 0.061620 0.013393 
1 0.637324 0.579799 0.037852 0.029018 
0 0.310739 0.598214 0.061620 0.012277 
1 0.267606 0.598214 0.032570 0.022321 
1 0.709507 0.711496 0.040493 0.025670 
