1 0.405810 0.032366 0.040493 0.025112 
1 0.281690 0.180804 0.041373 0.025112 
1 0.220951 0.279576 0.028169 0.020089 
1 0.577465 0.329799 0.032570 0.021205 
1 0.763204 0.396205 0.033451 0.022321 
0 0.167254 0.574777 0.058979 0.009487 
1 0.120599 0.575335 0.042254 0.024554 
0 0.635563 0.643973 0.093310 0.012277 
1 0.578345 0.643973 0.029930 0.021205 
0 0.948063 0.695871 0.095070 0.012277 
1 0.887324 0.695871 0.036092 0.032366 
0 0.344190 0.717076 0.061620 0.012277 
1 0.301056 0.717076 0.034331 0.030134 
