0 0.378521 0.238839 0.033451 0.009487 
1 0.347711 0.238839 0.036972 0.029576 
0 0.265845 0.248884 0.060739 0.010603 
1 0.220951 0.248884 0.035211 0.022321 
1 0.732394 0.255022 0.033451 0.022321 
1 0.559859 0.318080 0.030810 0.020647 
1 0.690141 0.347098 0.039613 0.025112 
1 0.858275 0.526786 0.029930 0.021205 
0 0.264965 0.566964 0.035211 0.012277 
1 0.236796 0.566964 0.029930 0.021205 
0 0.482394 0.595982 0.063380 0.012277 
1 0.436620 0.595982 0.035211 0.032924 
0 0.169014 0.628348 0.058099 0.010603 
1 0.128521 0.628348 0.032570 0.021763 
0 0.117958 0.747210 0.065141 0.012277 
1 0.068662 0.747768 0.041373 0.034040 
