0 0.245599 0.356585 0.035211 0.012277 
1 0.216549 0.356585 0.031690 0.022321 
0 0.811620 0.528460 0.063380 0.013393 
1 0.765845 0.528460 0.036972 0.029018 
0 0.116197 0.632812 0.061620 0.013393 
0 0.389085 0.636161 0.060739 0.010603 
1 0.069542 0.632812 0.040493 0.025670 
1 0.345951 0.636161 0.031690 0.022321 
1 0.635563 0.655134 0.028169 0.020089 
0 0.783451 0.670201 0.035211 0.012277 
1 0.755282 0.669643 0.029930 0.020647 
0 0.126761 0.685826 0.065141 0.013393 
1 0.078345 0.685826 0.040493 0.025670 
