1 0.036972 0.032366 0.032570 0.022321 
0 0.715669 0.070871 0.063380 0.011161 
1 0.670775 0.070871 0.037852 0.029018 
0 0.070423 0.131138 0.089789 0.012277 
1 0.018486 0.131696 0.036972 0.029576 
0 0.708627 0.172433 0.063380 0.011161 
1 0.666373 0.171875 0.029930 0.020647 
0 0.399648 0.326451 0.087148 0.011161 
1 0.341549 0.326451 0.036972 0.030134 
0 0.425176 0.359933 0.061620 0.012277 
1 0.379401 0.359933 0.038732 0.033482 
1 0.885563 0.395647 0.037852 0.029018 
0 0.207746 0.504464 0.031690 0.009487 
1 0.176056 0.504464 0.041373 0.025670 
0 0.435739 0.612165 0.059859 0.010045 
1 0.394366 0.611607 0.031690 0.022879 
1 0.525528 0.644531 0.035211 0.022321 
