1 0.038732 0.131138 0.032570 0.022321 
1 0.786972 0.227121 0.036972 0.030134 
0 0.067782 0.296875 0.061620 0.013393 
1 0.026408 0.296875 0.029930 0.021205 
1 0.241197 0.360491 0.039613 0.025112 
1 0.751761 0.381696 0.036972 0.023438 
0 0.294894 0.511161 0.089789 0.014509 
1 0.239437 0.511161 0.030810 0.021205 
1 0.954225 0.530134 0.034331 0.031808 
0 0.488556 0.620536 0.065141 0.013393 
1 0.443662 0.620536 0.032570 0.020647 
0 0.350352 0.652344 0.087148 0.010045 
1 0.292254 0.652344 0.038732 0.033482 
