1 0.903169 0.217634 0.037852 0.032366 
0 0.187500 0.236049 0.091549 0.012277 
1 0.126761 0.235491 0.038732 0.025112 
1 0.841549 0.267857 0.030810 0.020647 
0 0.066901 0.286830 0.085387 0.010603 
1 0.020246 0.286830 0.040493 0.025670 
1 0.512324 0.390067 0.039613 0.025670 
1 0.746479 0.498326 0.036972 0.032366 
1 0.426056 0.529018 0.037852 0.032366 
1 0.533451 0.558594 0.037852 0.029018 
0 0.267606 0.578683 0.035211 0.013393 
1 0.239437 0.578683 0.030810 0.021205 
0 0.926937 0.654576 0.033451 0.012277 
1 0.899648 0.654018 0.030810 0.020647 
