0 0.089789 0.204241 0.034331 0.009487 
1 0.057218 0.204241 0.036972 0.029576 
1 0.742958 0.209821 0.041373 0.025112 
0 0.860915 0.294643 0.033451 0.013393 
1 0.831866 0.294643 0.033451 0.022321 
1 0.915493 0.302455 0.032570 0.020647 
0 0.772007 0.465960 0.088028 0.012277 
1 0.713028 0.466518 0.039613 0.025112 
1 0.922535 0.498326 0.031690 0.022321 
1 0.897887 0.501116 0.040493 0.026786 
0 0.639965 0.606027 0.095070 0.010045 
1 0.576585 0.606027 0.040493 0.025670 
0 0.470070 0.685826 0.061620 0.013393 
1 0.428697 0.685268 0.029930 0.020647 
