0 0.709507 0.131696 0.058099 0.013393 
1 0.670775 0.131696 0.028169 0.020089 
0 0.255282 0.286272 0.087148 0.011161 
1 0.197183 0.286272 0.035211 0.022321 
0 0.813380 0.333147 0.065141 0.013393 
1 0.768486 0.333147 0.033451 0.022321 
0 0.811620 0.392857 0.031690 0.009487 
1 0.779930 0.393415 0.040493 0.025670 
0 0.587148 0.475446 0.033451 0.013393 
1 0.555458 0.475446 0.038732 0.026786 
1 0.697183 0.489955 0.030810 0.020089 
0 0.157570 0.533482 0.059859 0.009487 
1 0.112676 0.533482 0.039613 0.025112 
1 0.142606 0.602121 0.030810 0.021205 
1 0.856514 0.792411 0.044014 0.034598 
