0 0.227113 0.233259 0.085387 0.009487 
1 0.174296 0.233259 0.029930 0.020647 
0 0.649648 0.334263 0.065141 0.012277 
1 0.600352 0.334263 0.042254 0.026786 
1 0.190141 0.375000 0.036972 0.030134 
0 0.720951 0.385603 0.065141 0.013393 
1 0.674296 0.385045 0.036972 0.029576 
0 0.554577 0.474888 0.063380 0.011161 
1 0.508803 0.475446 0.039613 0.025112 
0 0.775528 0.556920 0.059859 0.009487 
1 0.731514 0.556920 0.036972 0.029018 
1 0.852113 0.608817 0.036972 0.029018 
0 0.100352 0.683594 0.034331 0.008929 
1 0.072183 0.683036 0.032570 0.021763 
0 0.332746 0.690290 0.036092 0.010045 
1 0.299296 0.690290 0.040493 0.025670 
