0 0.221831 0.088728 0.087148 0.010045 
1 0.161972 0.088728 0.039613 0.025670 
1 0.838908 0.196429 0.029930 0.021205 
1 0.656690 0.264509 0.032570 0.021763 
1 0.750880 0.309152 0.038732 0.025112 
1 0.582747 0.314174 0.037852 0.029018 
1 0.218310 0.334821 0.029049 0.020089 
0 0.186620 0.488839 0.063380 0.013393 
1 0.144366 0.488839 0.030810 0.020647 
0 0.285211 0.618862 0.095070 0.012277 
1 0.223592 0.618862 0.037852 0.032366 
1 0.323063 0.675223 0.031690 0.022879 
0 0.211268 0.824777 0.058979 0.010045 
1 0.171655 0.824777 0.028169 0.020647 
